$`10@75.7`
                  chr         pos         lod
10_47200_SNP       10   0.2191863 0.108272242
10_594536_SNP      10   1.0247762 0.089609949
10_790567_SNP      10   2.1945863 0.044481570
10_1145111_SNP     10   3.3470441 0.016883741
10_1226278_SNP     10   4.3857027 0.010061764
10_1312449_indel   10   5.6286834 0.059904266
10_1552816_SNP     10   6.4489449 0.123175264
10_1674278_SNP     10   7.2736948 0.171554144
10_1769194_SNP     10   8.1189316 0.226831224
10_1865539_SNP     10   8.9836808 0.320345224
10_2003120_SNP     10   9.6604699 0.339306348
10_2029603_SNP     10   9.8808643 0.346157217
10_2239990_SNP     10  11.0910983 0.089399835
10_2256759_indel   10  11.9656355 0.090290702
10_2291876_SNP     10  13.3097240 0.141528859
10_2342917_SNP     10  14.2210039 0.100272620
10_2443743_SNP     10  15.2236201 0.121977445
10_2503103_SNP     10  16.3640202 0.109159487
10_2567493_SNP     10  17.3953041 0.129924964
10_2674120_indel   10  18.8476408 0.119890288
10_2779866_SNP     10  19.7505478 0.118884453
10_3006777_SNP     10  20.7382908 0.258130740
10_3320221_indel   10  21.8529677 0.662391574
10_3455212_indel   10  22.9074169 0.535713831
10_3566551_indel   10  23.9432494 0.550452365
10_3628687_indel   10  24.8534661 0.577547724
10_3663606_indel   10  26.0990743 0.597687758
10_3848790_SNP     10  27.3450615 0.679347766
10_4093608_SNP     10  28.3908662 0.671341102
10_4274949_SNP     10  29.4622687 0.537394979
10_4471639_SNP     10  30.2787808 0.303869340
10_4611354_SNP     10  31.1863116 0.303961900
10_4709177_SNP     10  32.8978663 0.304185114
10_4990537_SNP     10  34.1026263 0.718269898
10_5061840_SNP     10  35.0712593 0.712592049
10_5125666_indel   10  35.9501492 0.932006847
10_5267950_SNP     10  36.8487913 1.028742453
10_5551100_SNP     10  38.4079812 1.650599793
10_5630305_SNP     10  38.8187219 1.841755201
10_5718670_SNP     10  39.1510865 1.751509202
10_5777799_indel   10  39.4007780 1.625600445
10_5958042_indel   10  40.4125029 1.689982632
10_6305244_SNP     10  41.4975018 2.034119430
10_6375702_SNP     10  42.4247701 1.989989011
10_6503777_SNP     10  43.2794217 2.030839162
10_6540182_indel   10  44.2038153 2.078539124
10_6608620_SNP     10  45.2254514 2.310828745
10_6849217_SNP     10  46.0851206 2.642045406
10_6968093_SNP     10  46.2997246 2.642045406
10_7213116_SNP     10  47.1698723 2.398823078
10_7462982_SNP     10  48.0351301 2.336465391
10_7478172_SNP     10  48.2669376 2.290914020
10_7591072_SNP     10  49.2713690 1.963891112
10_7605843_indel   10  50.7223121 1.986210338
10_7770954_indel   10  52.7117465 2.078275248
10_7800452_SNP     10  54.1448857 2.168768916
10_7865192_SNP     10  55.2440590 2.235614486
10_8206247_SNP     10  56.3777119 2.193894836
10_8595206_SNP     10  57.4208188 1.912463764
10_8856482_SNP     10  58.2483906 1.796145250
10_8920667_indel   10  59.2568438 1.781650300
10_9375593_SNP     10  60.0598440 1.762119101
10_9577930_indel   10  60.8743461 1.745610520
10_9860336_indel   10  61.8893552 1.831053027
10_10237912_SNP    10  62.7750207 2.123995874
10_10899170_SNP    10  63.6182024 2.893892125
10_11824744_SNP    10  64.4478223 2.885414023
10_12624151_SNP    10  65.2683047 2.862525155
10_14147010_indel  10  66.1020990 2.739329545
10_15907892_SNP    10  67.0560462 2.728381182
10_16971949_SNP    10  67.8666690 2.705916065
10_19544448_SNP    10  68.7864372 2.679665660
10_47766289_indel  10  69.6848226 2.495546588
10_48223329_indel  10  70.5032781 2.317706847
10_48939170_indel  10  71.8547085 2.583030619
10_49739345_indel  10  72.7097363 2.383322069
10_50555781_SNP    10  73.6467033 2.489958612
10_51301082_SNP    10  74.4742272 2.943697679
10_51917685_SNP    10  75.5034373 2.943697679
10_51933395_SNP    10  75.7187362 3.822648119
10_52241482_SNP    10  76.3729095 3.249702265
10_52317833_indel  10  77.2028348 3.067165500
10_52520368_SNP    10  78.0882097 2.462732904
10_52680008_SNP    10  78.9557152 2.050095704
10_52823689_indel  10  79.7698282 1.594177892
10_53128984_SNP    10  80.6562311 1.589687354
10_53453184_SNP    10  81.4650646 1.392395611
10_53797102_SNP    10  82.3295025 1.422353306
10_54037329_indel  10  83.2608933 1.661324136
10_54111672_SNP    10  84.1749009 1.696104662
10_54162411_SNP    10  85.2295521 1.395936945
10_54266322_SNP    10  86.2171958 1.176742825
10_54402947_SNP    10  87.2426260 1.198590739
10_54505906_indel  10  88.0893947 1.246864773
10_54908441_indel  10  88.9582783 1.220970424
10_55212116_SNP    10  89.8665233 1.203955061
10_55293417_SNP    10  90.9727618 1.384614352
10_55424383_SNP    10  92.6653039 1.117616007
10_55477029_SNP    10  93.5745163 1.052830108
10_55504795_SNP    10  95.2269907 1.028962353
10_55590204_indel  10  96.1728683 1.022650976
10_55715123_SNP    10  97.1320310 0.899532716
10_55818842_SNP    10  97.9601177 0.510752544
10_55920461_SNP    10  98.8053485 0.372097809
10_56014668_SNP    10 100.0292389 0.369275712
10_56135735_SNP    10 101.2047369 0.210448953
10_56271730_SNP    10 102.2085068 0.209783845
10_56450978_SNP    10 103.1303701 0.160649551
10_56642219_SNP    10 103.9643962 0.136354294
10_56784773_indel  10 104.8207021 0.136354294
10_56937372_indel  10 105.7641668 0.136086185
10_56937398_SNP    10 106.6001662 0.136086185
10_57032376_SNP    10 107.5579186 0.108513017
10_57122591_SNP    10 108.6408681 0.111531306
10_57281685_indel  10 109.4990024 0.151109102
10_57448231_SNP    10 110.6034343 0.404780529
10_57600325_SNP    10 111.5443157 0.166873230
10_57663744_indel  10 112.5536159 0.146246630
10_57840759_SNP    10 113.3942928 0.219896706
10_57962821_indel  10 114.5906972 0.445972826
10_58081628_SNP    10 115.4050588 0.392855482
10_58288752_SNP    10 116.5146110 0.250394860
10_58378203_indel  10 118.0346580 0.072363808
10_58555772_SNP    10 119.0100563 0.011400530
10_58720828_indel  10 119.9104803 0.006397810
10_59086390_SNP    10 120.9313250 0.002953322
10_59326382_SNP    10 122.0536273 0.002079767
10_59662724_indel  10 123.2427897 0.001474596
10_59746209_SNP    10 124.1826640 0.051879105
10_59831314_SNP    10 125.0839461 0.110661661
10_60054680_indel  10 126.1081170 0.110661661
10_60160441_SNP    10 127.1909130 0.159275219
10_60233952_SNP    10 128.1505502 0.100636147
10_60288475_SNP    10 128.9931754 0.094764474
10_60383548_SNP    10 130.1100476 0.070588292
10_60566557_SNP    10 131.2480348 0.084318677
10_60805294_SNP    10 132.9405296 0.050736767
10_60995346_SNP    10 133.9984479 0.059959615
10_61153381_SNP    10 135.0722147 0.066325193

