$`6@31.6`
                 chr        pos         lod
6_12943_indel      6   0.000001 0.923388121
6_247105_SNP       6   1.272634 0.860078534
6_383867_SNP       6   3.533648 1.480994352
6_453019_SNP       6   4.367040 1.504581723
6_534170_SNP       6   5.337766 1.512370450
6_1502691_SNP      6  10.695834 1.911758031
6_1595309_SNP      6  11.906185 1.891176311
6_1659583_SNP      6  13.034247 1.870257494
6_31573783_indel   6  23.933194 2.619324649
6_39208082_SNP     6  24.788783 2.570414352
6_40097072_SNP     6  26.223164 2.999799810
6_40493334_SNP     6  27.644516 3.718449270
6_42051620_SNP     6  28.550477 3.198667308
6_42085051_SNP     6  29.358664 3.781194536
6_42508419_SNP     6  30.673821 5.358845067
6_42667578_SNP     6  31.040059 5.596563839
6_42771012_SNP     6  31.593350 5.597073184
6_43304972_SNP     6  32.658204 4.851247830
6_43908700_SNP     6  33.571547 4.098149461
6_44369358_SNP     6  34.483286 3.955667533
6_44831606_SNP     6  36.605823 2.546614288
6_44971272_indel   6  37.507456 2.352356603
6_45025166_SNP     6  38.817693 1.510637548
6_45199796_SNP     6  39.688196 1.567155850
6_45491360_SNP     6  40.573771 1.538858775
6_45706034_SNP     6  41.467845 1.984692651
6_46017027_SNP     6  42.390913 1.605099320
6_46100258_SNP     6  43.195704 1.802506758
6_46560392_indel   6  44.288166 1.229539756
6_46768983_SNP     6  45.098857 1.298139069
6_47419607_SNP     6  45.932409 1.214389692
6_47700409_SNP     6  46.910146 0.875460711
6_48097150_indel   6  48.501324 0.621452721
6_48235961_SNP     6  49.305900 0.575831670
6_48451963_SNP     6  50.127893 0.748029905
6_48888283_indel   6  51.795708 0.550295879
6_49432919_SNP     6  52.672178 0.509732574
6_49796939_SNP     6  53.559466 0.363657530
6_50043846_SNP     6  54.780697 0.258459157
6_50325864_SNP     6  55.841904 0.120312933
6_50441886_SNP     6  56.897961 0.148026106
6_50756338_SNP     6  57.835625 0.060121700
6_50878497_SNP     6  58.770024 0.095369106
6_50972610_SNP     6  59.874137 0.117117292
6_51115424_SNP     6  60.777924 0.004236177
6_51237074_indel   6  62.070750 0.004500811
6_51708614_SNP     6  62.964710 0.011861823
6_51873624_indel   6  63.911329 0.022098999
6_51998613_SNP     6  64.723320 0.021332794
6_52200468_SNP     6  65.579775 0.020968275
6_52518637_SNP     6  66.495972 0.006690232
6_52603908_SNP     6  67.435806 0.010457588
6_52681622_SNP     6  68.242658 0.048550088
6_52793305_SNP     6  69.152800 0.086922463
6_53179211_SNP     6  69.996162 0.084486674
6_53324604_SNP     6  71.153287 0.130098892
6_53769180_indel   6  72.052854 0.132783963
6_53859177_SNP     6  72.857270 0.123069306
6_53977646_SNP     6  74.231868 0.158678749
6_54086970_indel   6  75.096093 0.154574315
6_54448719_indel   6  75.959100 0.132841202
6_54583073_SNP     6  76.784331 0.039739947
6_54754928_SNP     6  77.914897 0.021692432
6_54917744_SNP     6  78.742830 0.033917769
6_55081291_SNP     6  79.819299 0.059647877
6_55278568_indel   6  80.879107 0.084064931
6_55438950_SNP     6  81.731183 0.124682915
6_55635417_SNP     6  82.654999 0.185344658
6_55726866_SNP     6  83.463054 0.191647551
6_56004016_indel   6  84.353694 0.186535627
6_56156366_indel   6  85.309015 0.261380767
6_56340872_SNP     6  86.115922 0.273990261
6_56532147_SNP     6  86.929782 0.193700970
6_56790327_indel   6  87.809166 0.096580451
6_56953802_SNP     6  88.285335 0.090692756
6_56985605_indel   6  88.645779 0.112865778
6_57170566_indel   6  89.480611 0.086219321
6_57296677_SNP     6  90.452408 0.225965063
6_57564676_indel   6  91.265370 0.220021354
6_58036906_SNP     6  92.472880 0.219201390
6_58170876_SNP     6  93.630788 0.110943116
6_58336146_indel   6  94.480722 0.046943451
6_58525556_SNP     6  95.790586 0.016573426
6_58714638_SNP     6  97.178410 0.015156170
6_58853250_SNP     6  98.009646 0.012527379
6_59212163_SNP     6  99.084681 0.025342494
6_59269955_SNP     6 100.084688 0.058457011
6_59412540_indel   6 101.052365 0.014545486
6_59751871_SNP     6 101.897381 0.013194765
6_59886356_indel   6 102.814414 0.019888981
6_60195729_SNP     6 103.695342 0.026206578
6_60571190_indel   6 104.582185 0.021872053
6_60764821_SNP     6 105.568966 0.023041453
6_60840399_SNP     6 106.457219 0.053282601
6_61138591_SNP     6 107.460631 0.020222238
6_61182223_SNP     6 108.926941 0.028475855

$`7@73.8`
                 chr        pos         lod
7_86832_SNP        7   0.000000 0.072291606
7_279386_indel     7   1.705709 0.057793518
7_702009_SNP       7   3.012135 0.185697071
7_934029_indel     7   4.096955 0.138025192
7_1085826_SNP      7   4.928178 0.371592920
7_1247920_SNP      7   6.342841 0.497291265
7_1490343_indel    7   7.918102 0.777879964
7_1566966_indel    7   8.839650 0.854943271
7_1900694_indel    7   9.919507 0.660604750
7_2003767_SNP      7  11.375949 0.447422463
7_2113188_SNP      7  12.403503 0.469540131
7_2329647_SNP      7  13.453070 0.282653958
7_2519534_SNP      7  15.409925 0.165521056
7_2614779_SNP      7  16.237011 0.159943620
7_2789950_indel    7  17.119407 0.282826266
7_2930906_SNP      7  18.039552 0.022700245
7_3191438_SNP      7  19.298775 0.005073089
7_3235816_SNP      7  20.771622 0.003102244
7_3281084_SNP      7  21.594794 0.002856384
7_3640745_indel    7  23.180096 0.124308631
7_3752202_indel    7  24.041205 0.174902696
7_4251966_SNP      7  25.421178 0.246371152
7_4423904_SNP      7  26.731324 0.091995910
7_4520711_indel    7  27.533179 0.058816270
7_4660474_indel    7  28.919337 0.008555624
7_4945572_indel    7  31.283881 0.041239299
7_5157372_SNP      7  32.872531 0.171683375
7_5434727_indel    7  34.166934 0.129770952
7_5794229_SNP      7  35.529739 0.116170736
7_5810979_SNP      7  36.333687 0.241940483
7_5948166_SNP      7  37.144313 0.381440564
7_6217089_SNP      7  38.803642 0.394666933
7_6503230_SNP      7  39.820800 0.395700918
7_6721543_indel    7  41.229995 0.471934422
7_7008352_SNP      7  42.605761 0.563808956
7_7688785_SNP      7  43.864961 0.786123405
7_7878422_SNP      7  45.375104 0.840673153
7_8217299_indel    7  46.225483 0.880122161
7_8733123_indel    7  47.355472 0.936205911
7_8995240_SNP      7  48.269432 1.354015049
7_9716266_SNP      7  49.258539 1.108252222
7_10252023_SNP     7  50.093082 0.814491077
7_11697969_SNP     7  50.898856 0.784686930
7_28588571_SNP     7  51.797646 0.779067549
7_52167960_SNP     7  52.609388 0.762004412
7_53942747_SNP     7  53.584509 1.265543641
7_54787585_indel   7  54.473644 1.390341551
7_55989712_SNP     7  55.442691 1.984088056
7_56456345_indel   7  56.435245 1.908057674
7_56572890_SNP     7  57.412571 1.931536755
7_56921644_SNP     7  58.286508 2.000815142
7_57288688_SNP     7  59.352861 2.044816607
7_57417216_SNP     7  60.206701 2.004869322
7_57557880_SNP     7  61.292163 2.121260591
7_57704589_indel   7  62.118718 2.159824071
7_57954146_SNP     7  62.952823 2.331547727
7_58275627_SNP     7  63.931273 2.408803719
7_58340680_indel   7  64.777525 2.640335326
7_58476664_SNP     7  65.641870 3.073427252
7_58852992_SNP     7  67.180063 4.389110366
7_59051509_SNP     7  68.207113 4.824211723
7_59196977_SNP     7  69.399774 6.250102420
7_59277216_SNP     7  70.222928 6.103619345
7_59481526_SNP     7  71.169062 6.487444468
7_59505307_SNP     7  71.355232 6.588380412
7_59533447_SNP     7  71.977474 7.370624417
7_59631468_indel   7  72.896668 7.850445624
7_59654592_SNP     7  73.170787 7.847453058
7_59847033_indel   7  73.755778 7.902210317
7_59867828_SNP     7  73.865325 7.808117684
7_59991087_indel   7  75.342816 4.947332579
7_60193676_SNP     7  76.572473 5.414019811
7_60278391_SNP     7  77.585143 5.416097471
7_60470668_SNP     7  78.549843 5.570863885
7_60945971_SNP     7  79.468015 5.173868186
7_61098841_SNP     7  80.584652 3.142264546
7_61192329_indel   7  82.071048 2.962110148
7_61403499_SNP     7  83.138148 2.743155017
7_61479012_SNP     7  83.966120 2.680532991
7_61642296_SNP     7  84.795520 2.703769125
7_62033499_SNP     7  85.690130 2.515830258
7_62132237_SNP     7  86.626701 2.145810427
7_62308835_SNP     7  87.438139 2.058008418
7_62451181_indel   7  88.369401 1.917136512
7_62472296_SNP     7  89.191903 1.914531589
7_62618928_indel   7  90.182912 1.702832400
7_62861600_SNP     7  90.987742 1.073620092
7_62964467_SNP     7  91.839150 1.022426128
7_62984265_indel   7  92.639767 1.010794978
7_63129587_SNP     7  93.826035 0.626690600
7_63450119_SNP     7  94.812028 0.587236958
7_63570480_SNP     7  95.637549 0.538447512
7_63682011_SNP     7  96.507160 0.611525676
7_63752332_SNP     7  97.535385 0.602260939
7_63986311_indel   7  98.533908 0.628116896
7_64035577_SNP     7  99.458940 0.685798320
7_64067745_indel   7 100.282638 0.745146927
7_64255840_SNP     7 101.092487 0.542371916
7_64606266_SNP     7 102.434533 0.291794024
7_64857800_SNP     7 103.408469 0.257961219
7_65401746_SNP     7 105.103999 0.475716450
7_65435009_SNP     7 105.946380 0.412692014

