$`3@134.4`
                 chr        pos           lod
3_25206_indel      3   0.000000  6.415406e-03
3_69287_indel      3   2.797621  3.306918e-03
3_334460_SNP       3   3.712726  1.010097e-03
3_714224_SNP       3   4.830755  8.250327e-03
3_926938_indel     3   5.751879  1.278079e-02
3_1008412_indel    3   6.682419  2.461068e-02
3_1184018_SNP      3   7.570113  2.056122e-02
3_1283494_indel    3   8.824049  2.111172e-02
3_1355386_SNP      3  10.053979  2.661651e-03
3_1508418_SNP      3  10.939044  3.496523e-03
3_1636423_SNP      3  12.398631  1.446952e-02
3_1864788_SNP      3  13.638298  3.364807e-02
3_2055170_indel    3  14.625990  4.210842e-04
3_2202214_indel    3  15.605769  6.208102e-02
3_2255658_indel    3  16.646312  6.511743e-02
3_2436392_SNP      3  18.029847  4.145543e-02
3_2523828_SNP      3  18.849145  4.284307e-02
3_2585793_SNP      3  19.861188  4.539656e-02
3_2787921_indel    3  20.803907  1.973993e-02
3_2996385_SNP      3  21.693628  4.194440e-03
3_3141568_SNP      3  22.691103  8.738218e-03
3_3356054_indel    3  23.875449  6.872854e-04
3_3482238_SNP      3  24.729983 -9.209227e-04
3_3724362_SNP      3  25.749928  7.841141e-03
3_3867756_SNP      3  26.611159  1.138266e-02
3_3946724_SNP      3  27.487099  5.011638e-03
3_4089416_SNP      3  28.321696  5.562762e-03
3_4269758_SNP      3  29.514829  3.465105e-03
3_4485316_SNP      3  30.486827  2.041876e-02
3_4597565_SNP      3  31.404926 -3.760627e-03
3_4725008_SNP      3  32.378459  4.127542e-02
3_4997067_SNP      3  33.548446  8.604150e-02
3_5401426_SNP      3  34.472294  1.472829e-01
3_5627407_SNP      3  35.288696  2.958093e-01
3_6014176_SNP      3  36.336115  3.019523e-01
3_6110920_SNP      3  37.141864  2.729857e-01
3_6242422_SNP      3  37.987384  2.767432e-01
3_6497372_indel    3  38.894464  2.783189e-01
3_6763075_indel    3  40.859178  3.371112e-01
3_7008608_SNP      3  41.693739  3.422631e-01
3_7112750_SNP      3  42.586113  3.179600e-01
3_7172896_SNP      3  43.730890  2.133689e-01
3_7373000_SNP      3  44.611223  3.295688e-01
3_7469106_SNP      3  46.297039  3.236214e-01
3_7734615_indel    3  47.477028  4.342518e-01
3_7814086_indel    3  48.321764  4.335910e-01
3_8085616_SNP      3  49.220442  5.231178e-01
3_8393643_SNP      3  50.128562  1.229856e+00
3_8663113_indel    3  50.944695  1.282943e+00
3_8676900_SNP      3  51.752934  1.331107e+00
3_8711490_SNP      3  52.806396  1.296060e+00
3_8914953_SNP      3  54.440654  1.193283e+00
3_9076317_SNP      3  55.533392  9.707626e-01
3_9609607_SNP      3  57.539926  1.067146e+00
3_9896666_SNP      3  58.609783  1.389294e+00
3_10026296_SNP     3  59.629525  1.600763e+00
3_10392428_indel   3  60.530435  1.191260e+00
3_10861700_SNP     3  61.542735  8.605583e-01
3_11463247_indel   3  62.759431  1.218036e+00
3_11682565_indel   3  63.631254  6.807966e-01
3_11870304_indel   3  64.595390  7.005337e-01
3_12101782_SNP     3  66.011314  4.809534e-01
3_12335463_SNP     3  67.162052  6.243250e-01
3_12695417_SNP     3  68.045712  9.467637e-01
3_13189285_SNP     3  68.939530  9.638457e-01
3_13552968_SNP     3  69.969588  9.576718e-01
3_14252791_SNP     3  70.817392  9.959857e-01
3_15690805_SNP     3  71.835110  7.619977e-01
3_15776167_indel   3  72.963142  6.079578e-01
3_15940681_indel   3  74.304082  6.377326e-01
3_16029084_SNP     3  75.167858  5.037529e-01
3_20550131_SNP     3  76.030409  5.184600e-01
3_50689824_SNP     3  77.027691  5.044427e-01
3_51346126_indel   3  78.909890  6.130829e-01
3_51407383_SNP     3  79.950199  6.236284e-01
3_51916165_indel   3  81.367003  2.344127e-01
3_52132798_SNP     3  82.369849  1.647961e-01
3_53021679_SNP     3  83.466043  2.322112e-02
3_53336139_SNP     3  84.461421  7.219899e-03
3_53505316_SNP     3  85.625044  7.693562e-03
3_53636651_SNP     3  86.479892 -1.023242e-04
3_54097554_SNP     3  87.604619  2.723436e-03
3_54868378_SNP     3  88.472185  2.017384e-03
3_55344965_SNP     3  89.982040  5.159062e-03
3_55498815_SNP     3  91.101423 -1.812022e-03
3_55631256_indel   3  92.074179 -2.053041e-03
3_55904211_SNP     3  92.897985 -2.607534e-04
3_56021555_SNP     3  93.926421 -2.607534e-04
3_56140433_indel   3  94.892871  3.432439e-03
3_56500421_SNP     3  96.144799  4.642447e-04
3_56713923_SNP     3  97.009537 -4.536846e-03
3_56987650_indel   3  97.970703  4.730998e-03
3_57189268_SNP     3  98.881634  1.885705e-03
3_57353051_SNP     3 100.101806  4.392090e-03
3_57485565_SNP     3 100.920747  9.006491e-03
3_57669698_SNP     3 102.635614  6.439060e-02
3_57925397_SNP     3 103.512888  8.840740e-02
3_58210698_SNP     3 104.402659  9.583051e-02
3_58396635_SNP     3 105.251735  1.516093e-01
3_58501579_SNP     3 106.323431  1.942033e-01
3_58680396_SNP     3 107.293584  3.754182e-01
3_58768686_SNP     3 108.276014  3.752302e-01
3_59110056_SNP     3 109.105975  3.752302e-01
3_59299254_SNP     3 110.204418  4.616531e-01
3_59587800_SNP     3 111.071909  6.095647e-01
3_59820066_SNP     3 112.100322  5.757638e-01
3_60059530_SNP     3 113.000549  7.234804e-01
3_60523321_SNP     3 114.226518  5.618324e-01
3_60590670_SNP     3 115.042902  5.691492e-01
3_60818299_SNP     3 116.268269  5.154509e-01
3_60936494_SNP     3 117.076799  5.092643e-01
3_61228563_SNP     3 118.091018  7.732574e-01
3_61438700_SNP     3 118.933354  4.945105e-01
3_61687874_indel   3 119.905581  7.000753e-01
3_61916606_SNP     3 120.752903  6.420246e-01
3_62094354_indel   3 121.724741  6.510408e-01
3_62317419_SNP     3 122.700838  6.237878e-01
3_62620704_indel   3 123.745262  5.956304e-01
3_62915681_indel   3 124.632426  5.358565e-01
3_63226094_indel   3 125.646862  6.635345e-01
3_63397358_indel   3 126.610080  5.492338e-01
3_63612929_SNP     3 127.412626  5.147822e-01
3_64008840_indel   3 128.275840  6.989374e-01
3_64436837_indel   3 129.344654  7.020548e-01
3_64802155_indel   3 130.153780  9.535934e-01
3_65264119_SNP     3 130.996999  1.385952e+00
3_65607125_indel   3 132.068183  2.028635e+00
3_65905794_SNP     3 132.994435  2.618942e+00
3_66412646_SNP     3 134.355440  3.626559e+00
3_67047035_SNP     3 135.528299  3.403038e+00
3_67689496_SNP     3 136.417331  2.828172e+00
3_67899720_indel   3 137.219815  2.268975e+00
3_68159009_SNP     3 138.211752  2.176325e+00
3_68433356_SNP     3 139.097275  1.829001e+00
3_69075110_indel   3 139.907613  1.544135e+00
3_69174377_indel   3 140.960382  1.552706e+00
3_69213343_SNP     3 141.918479  1.491518e+00
3_69502954_SNP     3 142.768209  1.296156e+00
3_69615596_SNP     3 143.719620  1.127252e+00
3_69688959_SNP     3 144.590342  1.420923e+00
3_69834977_SNP     3 145.530594  1.380451e+00
3_70067271_SNP     3 146.687231  9.060231e-01
3_70231542_SNP     3 147.828744  9.383840e-01
3_70398835_indel   3 148.936924  7.673794e-01
3_70586726_SNP     3 149.865558  7.790516e-01
3_70856980_SNP     3 150.712989  4.603951e-01
3_71304223_SNP     3 151.522547  3.853566e-01
3_71517916_SNP     3 152.885955  3.693209e-01
3_71671439_SNP     3 153.915665  2.848602e-01
3_71807015_SNP     3 154.978088  1.821256e-01
3_71898173_SNP     3 155.873968  2.135747e-01
3_72105418_SNP     3 156.854898  2.063943e-01
3_72230763_indel   3 157.667259  6.392038e-02
3_72466480_SNP     3 159.087591  4.196135e-02
3_72655196_SNP     3 159.963097  1.385197e-02
3_72915411_indel   3 160.859115  1.280559e-02
3_72988330_indel   3 161.674513  6.080038e-04
3_73027258_SNP     3 162.866343  6.696374e-03
3_73174831_indel   3 164.051525  6.007639e-03
3_73350124_SNP     3 166.577466 -1.960466e-05
3_73577525_indel   3 167.562447  1.338463e-02
3_74252401_indel   3 169.976165  1.158728e-04
3_74269232_indel   3 171.303602 -3.148680e-03

$`10@48.0`
                  chr         pos         lod
10_47200_SNP       10   0.2191863 0.046042866
10_594536_SNP      10   1.0247762 0.051027284
10_790567_SNP      10   2.1945863 0.013452292
10_1145111_SNP     10   3.3470441 0.024364368
10_1226278_SNP     10   4.3857027 0.048575085
10_1312449_indel   10   5.6286834 0.148966263
10_1552816_SNP     10   6.4489449 0.208831972
10_1674278_SNP     10   7.2736948 0.292804214
10_1769194_SNP     10   8.1189316 0.615185519
10_1865539_SNP     10   8.9836808 0.801779937
10_2003120_SNP     10   9.6604699 0.848329202
10_2029603_SNP     10   9.8808643 0.859686350
10_2239990_SNP     10  11.0910983 0.609043445
10_2256759_indel   10  11.9656355 0.593129133
10_2291876_SNP     10  13.3097240 0.794374756
10_2342917_SNP     10  14.2210039 0.672183020
10_2443743_SNP     10  15.2236201 0.733663808
10_2503103_SNP     10  16.3640202 0.701399116
10_2567493_SNP     10  17.3953041 0.763109419
10_2674120_indel   10  18.8476408 1.067364303
10_2779866_SNP     10  19.7505478 1.121999644
10_3006777_SNP     10  20.7382908 1.019553228
10_3320221_indel   10  21.8529677 0.943267879
10_3455212_indel   10  22.9074169 0.759267906
10_3566551_indel   10  23.9432494 0.778963605
10_3628687_indel   10  24.8534661 0.846023543
10_3663606_indel   10  26.0990743 0.852108696
10_3848790_SNP     10  27.3450615 1.040385393
10_4093608_SNP     10  28.3908662 1.061313852
10_4274949_SNP     10  29.4622687 0.980131133
10_4471639_SNP     10  30.2787808 0.731683930
10_4611354_SNP     10  31.1863116 0.822639573
10_4709177_SNP     10  32.8978663 0.883337971
10_4990537_SNP     10  34.1026263 1.317853504
10_5061840_SNP     10  35.0712593 1.428013089
10_5125666_indel   10  35.9501492 1.898830795
10_5267950_SNP     10  36.8487913 2.017959365
10_5551100_SNP     10  38.4079812 3.404076686
10_5630305_SNP     10  38.8187219 3.341981441
10_5718670_SNP     10  39.1510865 2.885170734
10_5777799_indel   10  39.4007780 3.111806683
10_5958042_indel   10  40.4125029 3.228175618
10_6305244_SNP     10  41.4975018 2.917829767
10_6375702_SNP     10  42.4247701 2.742497336
10_6503777_SNP     10  43.2794217 2.720532141
10_6540182_indel   10  44.2038153 2.890792362
10_6608620_SNP     10  45.2254514 3.137073103
10_6849217_SNP     10  46.0851206 3.495966856
10_6968093_SNP     10  46.2997246 3.495966856
10_7213116_SNP     10  47.1698723 3.583700101
10_7462982_SNP     10  48.0351301 4.107347582
10_7478172_SNP     10  48.2669376 4.036996088
10_7591072_SNP     10  49.2713690 2.806936722
10_7605843_indel   10  50.7223121 2.757308387
10_7770954_indel   10  52.7117465 2.671489941
10_7800452_SNP     10  54.1448857 2.065853395
10_7865192_SNP     10  55.2440590 2.102288346
10_8206247_SNP     10  56.3777119 2.159466674
10_8595206_SNP     10  57.4208188 1.728836433
10_8856482_SNP     10  58.2483906 1.576432521
10_8920667_indel   10  59.2568438 1.474367434
10_9375593_SNP     10  60.0598440 1.415904235
10_9577930_indel   10  60.8743461 1.378698290
10_9860336_indel   10  61.8893552 1.469630947
10_10237912_SNP    10  62.7750207 1.900349290
10_10899170_SNP    10  63.6182024 1.497463730
10_11824744_SNP    10  64.4478223 1.525452296
10_12624151_SNP    10  65.2683047 1.493924864
10_14147010_indel  10  66.1020990 1.791729845
10_15907892_SNP    10  67.0560462 1.767074008
10_16971949_SNP    10  67.8666690 1.793396632
10_19544448_SNP    10  68.7864372 1.806811386
10_47766289_indel  10  69.6848226 1.689057584
10_48223329_indel  10  70.5032781 1.670328814
10_48939170_indel  10  71.8547085 1.781844951
10_49739345_indel  10  72.7097363 1.691862284
10_50555781_SNP    10  73.6467033 1.455442600
10_51301082_SNP    10  74.4742272 1.233183945
10_51917685_SNP    10  75.5034373 1.217284485
10_51933395_SNP    10  75.7187362 1.321932865
10_52241482_SNP    10  76.3729095 1.138030232
10_52317833_indel  10  77.2028348 1.185347789
10_52520368_SNP    10  78.0882097 0.698121116
10_52680008_SNP    10  78.9557152 0.756536023
10_52823689_indel  10  79.7698282 0.589716338
10_53128984_SNP    10  80.6562311 0.589983520
10_53453184_SNP    10  81.4650646 0.666965898
10_53797102_SNP    10  82.3295025 0.648279084
10_54037329_indel  10  83.2608933 0.635454402
10_54111672_SNP    10  84.1749009 0.683898968
10_54162411_SNP    10  85.2295521 0.740686397
10_54266322_SNP    10  86.2171958 0.846713454
10_54402947_SNP    10  87.2426260 0.753689987
10_54505906_indel  10  88.0893947 0.853089573
10_54908441_indel  10  88.9582783 0.692931783
10_55212116_SNP    10  89.8665233 0.883912976
10_55293417_SNP    10  90.9727618 1.562751502
10_55424383_SNP    10  92.6653039 1.617449042
10_55477029_SNP    10  93.5745163 1.524080374
10_55504795_SNP    10  95.2269907 1.519774097
10_55590204_indel  10  96.1728683 1.461839630
10_55715123_SNP    10  97.1320310 1.306142818
10_55818842_SNP    10  97.9601177 0.707261553
10_55920461_SNP    10  98.8053485 0.696951461
10_56014668_SNP    10 100.0292389 0.676836340
10_56135735_SNP    10 101.2047369 0.565151103
10_56271730_SNP    10 102.2085068 0.555150651
10_56450978_SNP    10 103.1303701 0.477002597
10_56642219_SNP    10 103.9643962 0.275798770
10_56784773_indel  10 104.8207021 0.275798770
10_56937372_indel  10 105.7641668 0.275798770
10_56937398_SNP    10 106.6001662 0.275798770
10_57032376_SNP    10 107.5579186 0.497123761
10_57122591_SNP    10 108.6408681 0.393781317
10_57281685_indel  10 109.4990024 0.461313906
10_57448231_SNP    10 110.6034343 0.810807414
10_57600325_SNP    10 111.5443157 0.342290380
10_57663744_indel  10 112.5536159 0.253872148
10_57840759_SNP    10 113.3942928 0.218312211
10_57962821_indel  10 114.5906972 0.236095397
10_58081628_SNP    10 115.4050588 0.252879672
10_58288752_SNP    10 116.5146110 0.186089812
10_58378203_indel  10 118.0346580 0.039375786
10_58555772_SNP    10 119.0100563 0.023755597
10_58720828_indel  10 119.9104803 0.009693916
10_59086390_SNP    10 120.9313250 0.004196563
10_59326382_SNP    10 122.0536273 0.001525565
10_59662724_indel  10 123.2427897 0.001437131
10_59746209_SNP    10 124.1826640 0.038451080
10_59831314_SNP    10 125.0839461 0.019362510
10_60054680_indel  10 126.1081170 0.020718258
10_60160441_SNP    10 127.1909130 0.038337499
10_60233952_SNP    10 128.1505502 0.045583904
10_60288475_SNP    10 128.9931754 0.067514978
10_60383548_SNP    10 130.1100476 0.064365695
10_60566557_SNP    10 131.2480348 0.051501425
10_60805294_SNP    10 132.9405296 0.021394173
10_60995346_SNP    10 133.9984479 0.060950400
10_61153381_SNP    10 135.0722147 0.057715668

