$`7@73.2`
                 chr        pos        lod
7_86832_SNP        7   0.000000 0.31375755
7_279386_indel     7   1.705709 0.17783567
7_702009_SNP       7   3.012135 0.14209923
7_934029_indel     7   4.096955 0.07485303
7_1085826_SNP      7   4.928178 0.06285784
7_1247920_SNP      7   6.342841 0.06123981
7_1490343_indel    7   7.918102 0.26026168
7_1566966_indel    7   8.839650 0.24617714
7_1900694_indel    7   9.919507 0.17058363
7_2003767_SNP      7  11.375949 0.01091212
7_2113188_SNP      7  12.403503 0.01120178
7_2329647_SNP      7  13.453070 0.01022313
7_2519534_SNP      7  15.409925 0.01536794
7_2614779_SNP      7  16.237011 0.01536794
7_2789950_indel    7  17.119407 0.03679595
7_2930906_SNP      7  18.039552 0.03920940
7_3191438_SNP      7  19.298775 0.08704987
7_3235816_SNP      7  20.771622 0.12148112
7_3281084_SNP      7  21.594794 0.13482580
7_3640745_indel    7  23.180096 0.33481991
7_3752202_indel    7  24.041205 0.38087605
7_4251966_SNP      7  25.421178 0.53785134
7_4423904_SNP      7  26.731324 0.56634963
7_4520711_indel    7  27.533179 0.30091420
7_4660474_indel    7  28.919337 0.07734110
7_4945572_indel    7  31.283881 0.08998334
7_5157372_SNP      7  32.872531 0.24135054
7_5434727_indel    7  34.166934 0.26484346
7_5794229_SNP      7  35.529739 0.24085760
7_5810979_SNP      7  36.333687 0.23492423
7_5948166_SNP      7  37.144313 0.17475738
7_6217089_SNP      7  38.803642 0.10563017
7_6503230_SNP      7  39.820800 0.08149402
7_6721543_indel    7  41.229995 0.15719305
7_7008352_SNP      7  42.605761 0.15134809
7_7688785_SNP      7  43.864961 0.11039643
7_7878422_SNP      7  45.375104 0.15367392
7_8217299_indel    7  46.225483 0.16464457
7_8733123_indel    7  47.355472 0.17195913
7_8995240_SNP      7  48.269432 0.32293564
7_9716266_SNP      7  49.258539 0.36865543
7_10252023_SNP     7  50.093082 0.36147894
7_11697969_SNP     7  50.898856 0.27774555
7_28588571_SNP     7  51.797646 0.26915841
7_52167960_SNP     7  52.609388 0.31741657
7_53942747_SNP     7  53.584509 0.40789315
7_54787585_indel   7  54.473644 0.39669966
7_55989712_SNP     7  55.442691 0.61846393
7_56456345_indel   7  56.435245 1.34197190
7_56572890_SNP     7  57.412571 1.31645514
7_56921644_SNP     7  58.286508 1.71181821
7_57288688_SNP     7  59.352861 1.72406519
7_57417216_SNP     7  60.206701 2.03004525
7_57557880_SNP     7  61.292163 2.08281370
7_57704589_indel   7  62.118718 2.14330402
7_57954146_SNP     7  62.952823 2.27811523
7_58275627_SNP     7  63.931273 2.50886529
7_58340680_indel   7  64.777525 2.71762874
7_58476664_SNP     7  65.641870 2.97694355
7_58852992_SNP     7  67.180063 3.91054020
7_59051509_SNP     7  68.207113 4.50593091
7_59196977_SNP     7  69.399774 5.13507675
7_59277216_SNP     7  70.222928 5.92552460
7_59481526_SNP     7  71.169062 5.92995735
7_59505307_SNP     7  71.355232 5.97526374
7_59533447_SNP     7  71.977474 6.95967595
7_59631468_indel   7  72.896668 7.32537553
7_59654592_SNP     7  73.170787 7.37214821
7_59847033_indel   7  73.755778 7.31448244
7_59867828_SNP     7  73.865325 7.16372837
7_59991087_indel   7  75.342816 5.13662207
7_60193676_SNP     7  76.572473 5.36852221
7_60278391_SNP     7  77.585143 5.26548036
7_60470668_SNP     7  78.549843 4.50331970
7_60945971_SNP     7  79.468015 4.04834367
7_61098841_SNP     7  80.584652 2.28053276
7_61192329_indel   7  82.071048 2.19045464
7_61403499_SNP     7  83.138148 2.37495576
7_61479012_SNP     7  83.966120 1.97552227
7_61642296_SNP     7  84.795520 1.92283491
7_62033499_SNP     7  85.690130 2.16584135
7_62132237_SNP     7  86.626701 1.85701269
7_62308835_SNP     7  87.438139 1.69736142
7_62451181_indel   7  88.369401 1.43010183
7_62472296_SNP     7  89.191903 1.14809592
7_62618928_indel   7  90.182912 1.05287169
7_62861600_SNP     7  90.987742 0.42532889
7_62964467_SNP     7  91.839150 0.46363894
7_62984265_indel   7  92.639767 0.45907855
7_63129587_SNP     7  93.826035 0.38962345
7_63450119_SNP     7  94.812028 0.40409950
7_63570480_SNP     7  95.637549 0.57214991
7_63682011_SNP     7  96.507160 0.32159933
7_63752332_SNP     7  97.535385 0.33191674
7_63986311_indel   7  98.533908 0.34367615
7_64035577_SNP     7  99.458940 0.30956348
7_64067745_indel   7 100.282638 0.28945584
7_64255840_SNP     7 101.092487 0.29722125
7_64606266_SNP     7 102.434533 0.29544368
7_64857800_SNP     7 103.408469 0.16055129
7_65401746_SNP     7 105.103999 0.71314629
7_65435009_SNP     7 105.946380 0.81232416

$`10@75.7`
                  chr         pos         lod
10_47200_SNP       10   0.2191863 0.020242568
10_594536_SNP      10   1.0247762 0.026806767
10_790567_SNP      10   2.1945863 0.061605841
10_1145111_SNP     10   3.3470441 0.286525142
10_1226278_SNP     10   4.3857027 0.325512621
10_1312449_indel   10   5.6286834 0.588404966
10_1552816_SNP     10   6.4489449 0.855560967
10_1674278_SNP     10   7.2736948 1.073655445
10_1769194_SNP     10   8.1189316 1.029219932
10_1865539_SNP     10   8.9836808 1.119478973
10_2003120_SNP     10   9.6604699 1.165313873
10_2029603_SNP     10   9.8808643 1.150767790
10_2239990_SNP     10  11.0910983 0.770914179
10_2256759_indel   10  11.9656355 0.770914179
10_2291876_SNP     10  13.3097240 1.008803021
10_2342917_SNP     10  14.2210039 0.753090671
10_2443743_SNP     10  15.2236201 0.787007992
10_2503103_SNP     10  16.3640202 0.809226557
10_2567493_SNP     10  17.3953041 0.891998118
10_2674120_indel   10  18.8476408 0.690739715
10_2779866_SNP     10  19.7505478 0.797438219
10_3006777_SNP     10  20.7382908 1.020344097
10_3320221_indel   10  21.8529677 1.512771389
10_3455212_indel   10  22.9074169 1.435009844
10_3566551_indel   10  23.9432494 1.448390185
10_3628687_indel   10  24.8534661 1.457973003
10_3663606_indel   10  26.0990743 1.150460763
10_3848790_SNP     10  27.3450615 1.523861662
10_4093608_SNP     10  28.3908662 1.527017622
10_4274949_SNP     10  29.4622687 1.422917385
10_4471639_SNP     10  30.2787808 1.145472041
10_4611354_SNP     10  31.1863116 1.167923280
10_4709177_SNP     10  32.8978663 1.137941514
10_4990537_SNP     10  34.1026263 1.616688747
10_5061840_SNP     10  35.0712593 1.796983842
10_5125666_indel   10  35.9501492 2.100308324
10_5267950_SNP     10  36.8487913 2.168123608
10_5551100_SNP     10  38.4079812 3.231828782
10_5630305_SNP     10  38.8187219 3.886554691
10_5718670_SNP     10  39.1510865 3.809577645
10_5777799_indel   10  39.4007780 3.907238367
10_5958042_indel   10  40.4125029 3.795827223
10_6305244_SNP     10  41.4975018 3.609370098
10_6375702_SNP     10  42.4247701 3.654239085
10_6503777_SNP     10  43.2794217 3.667562789
10_6540182_indel   10  44.2038153 3.850858326
10_6608620_SNP     10  45.2254514 4.005757435
10_6849217_SNP     10  46.0851206 4.055826115
10_6968093_SNP     10  46.2997246 4.055826115
10_7213116_SNP     10  47.1698723 3.944035870
10_7462982_SNP     10  48.0351301 3.957336320
10_7478172_SNP     10  48.2669376 3.724851615
10_7591072_SNP     10  49.2713690 2.786860911
10_7605843_indel   10  50.7223121 2.753176403
10_7770954_indel   10  52.7117465 3.057970463
10_7800452_SNP     10  54.1448857 2.952193373
10_7865192_SNP     10  55.2440590 3.054854930
10_8206247_SNP     10  56.3777119 2.997363225
10_8595206_SNP     10  57.4208188 2.555546703
10_8856482_SNP     10  58.2483906 2.485455181
10_8920667_indel   10  59.2568438 2.590042225
10_9375593_SNP     10  60.0598440 2.563506113
10_9577930_indel   10  60.8743461 2.558528106
10_9860336_indel   10  61.8893552 2.578985595
10_10237912_SNP    10  62.7750207 3.094561906
10_10899170_SNP    10  63.6182024 3.294878615
10_11824744_SNP    10  64.4478223 3.291344989
10_12624151_SNP    10  65.2683047 3.269419084
10_14147010_indel  10  66.1020990 3.031785015
10_15907892_SNP    10  67.0560462 3.039942322
10_16971949_SNP    10  67.8666690 3.022776394
10_19544448_SNP    10  68.7864372 3.013209971
10_47766289_indel  10  69.6848226 3.129961953
10_48223329_indel  10  70.5032781 3.359573808
10_48939170_indel  10  71.8547085 4.418145920
10_49739345_indel  10  72.7097363 5.035122407
10_50555781_SNP    10  73.6467033 5.377470936
10_51301082_SNP    10  74.4742272 5.217958705
10_51917685_SNP    10  75.5034373 5.220666821
10_51933395_SNP    10  75.7187362 5.855219803
10_52241482_SNP    10  76.3729095 5.507352937
10_52317833_indel  10  77.2028348 5.144298985
10_52520368_SNP    10  78.0882097 3.500757664
10_52680008_SNP    10  78.9557152 2.659806538
10_52823689_indel  10  79.7698282 2.230626960
10_53128984_SNP    10  80.6562311 2.157201346
10_53453184_SNP    10  81.4650646 1.934161284
10_53797102_SNP    10  82.3295025 1.731658880
10_54037329_indel  10  83.2608933 1.795399321
10_54111672_SNP    10  84.1749009 1.734021815
10_54162411_SNP    10  85.2295521 1.573554511
10_54266322_SNP    10  86.2171958 1.594312844
10_54402947_SNP    10  87.2426260 1.799578357
10_54505906_indel  10  88.0893947 1.837144868
10_54908441_indel  10  88.9582783 1.693798096
10_55212116_SNP    10  89.8665233 1.333975553
10_55293417_SNP    10  90.9727618 1.559815422
10_55424383_SNP    10  92.6653039 1.512150427
10_55477029_SNP    10  93.5745163 1.500489325
10_55504795_SNP    10  95.2269907 1.296298231
10_55590204_indel  10  96.1728683 1.255372802
10_55715123_SNP    10  97.1320310 1.457701479
10_55818842_SNP    10  97.9601177 0.835942226
10_55920461_SNP    10  98.8053485 0.691626004
10_56014668_SNP    10 100.0292389 0.680573366
10_56135735_SNP    10 101.2047369 0.563785877
10_56271730_SNP    10 102.2085068 0.563813679
10_56450978_SNP    10 103.1303701 0.433586183
10_56642219_SNP    10 103.9643962 0.292293428
10_56784773_indel  10 104.8207021 0.292293428
10_56937372_indel  10 105.7641668 0.287298359
10_56937398_SNP    10 106.6001662 0.287298359
10_57032376_SNP    10 107.5579186 0.544344348
10_57122591_SNP    10 108.6408681 0.622639718
10_57281685_indel  10 109.4990024 0.653519845
10_57448231_SNP    10 110.6034343 0.977507264
10_57600325_SNP    10 111.5443157 0.530436004
10_57663744_indel  10 112.5536159 0.405986329
10_57840759_SNP    10 113.3942928 0.502923299
10_57962821_indel  10 114.5906972 0.660033470
10_58081628_SNP    10 115.4050588 0.667910809
10_58288752_SNP    10 116.5146110 0.562180299
10_58378203_indel  10 118.0346580 0.279607974
10_58555772_SNP    10 119.0100563 0.182875649
10_58720828_indel  10 119.9104803 0.118733321
10_59086390_SNP    10 120.9313250 0.102997827
10_59326382_SNP    10 122.0536273 0.100232530
10_59662724_indel  10 123.2427897 0.100747290
10_59746209_SNP    10 124.1826640 0.012498053
10_59831314_SNP    10 125.0839461 0.004511012
10_60054680_indel  10 126.1081170 0.004505433
10_60160441_SNP    10 127.1909130 0.004404380
10_60233952_SNP    10 128.1505502 0.005339961
10_60288475_SNP    10 128.9931754 0.004811513
10_60383548_SNP    10 130.1100476 0.037701595
10_60566557_SNP    10 131.2480348 0.061400556
10_60805294_SNP    10 132.9405296 0.068028791
10_60995346_SNP    10 133.9984479 0.091540776
10_61153381_SNP    10 135.0722147 0.139011626

