$`3@57.5`
                 chr        pos          lod
3_25206_indel      3   0.000000 0.1795963687
3_69287_indel      3   2.797621 0.1574881873
3_334460_SNP       3   3.712726 0.0891975386
3_714224_SNP       3   4.830755 0.1208672142
3_926938_indel     3   5.751879 0.2233523362
3_1008412_indel    3   6.682419 0.3772898827
3_1184018_SNP      3   7.570113 0.3758295060
3_1283494_indel    3   8.824049 0.3687654077
3_1355386_SNP      3  10.053979 0.3887690840
3_1508418_SNP      3  10.939044 0.3609801826
3_1636423_SNP      3  12.398631 0.3320831548
3_1864788_SNP      3  13.638298 0.3351392964
3_2055170_indel    3  14.625990 0.6728309679
3_2202214_indel    3  15.605769 0.7769958140
3_2255658_indel    3  16.646312 0.5122069208
3_2436392_SNP      3  18.029847 0.2745149187
3_2523828_SNP      3  18.849145 0.2679870514
3_2585793_SNP      3  19.861188 0.2998710588
3_2787921_indel    3  20.803907 0.1716064979
3_2996385_SNP      3  21.693628 0.2319440836
3_3141568_SNP      3  22.691103 0.1585359125
3_3356054_indel    3  23.875449 0.1098767325
3_3482238_SNP      3  24.729983 0.1370123114
3_3724362_SNP      3  25.749928 0.0621720595
3_3867756_SNP      3  26.611159 0.0426776350
3_3946724_SNP      3  27.487099 0.0360652349
3_4089416_SNP      3  28.321696 0.0223377426
3_4269758_SNP      3  29.514829 0.0650484537
3_4485316_SNP      3  30.486827 0.0159615106
3_4597565_SNP      3  31.404926 0.0836014181
3_4725008_SNP      3  32.378459 0.1060879012
3_4997067_SNP      3  33.548446 0.4094436558
3_5401426_SNP      3  34.472294 0.5404904778
3_5627407_SNP      3  35.288696 0.5602749637
3_6014176_SNP      3  36.336115 0.5284556992
3_6110920_SNP      3  37.141864 0.6816986478
3_6242422_SNP      3  37.987384 0.6508700116
3_6497372_indel    3  38.894464 1.0298532289
3_6763075_indel    3  40.859178 1.7982947039
3_7008608_SNP      3  41.693739 2.0445346418
3_7112750_SNP      3  42.586113 2.1239528460
3_7172896_SNP      3  43.730890 2.3836347677
3_7373000_SNP      3  44.611223 2.6199943785
3_7469106_SNP      3  46.297039 2.6910268387
3_7734615_indel    3  47.477028 2.6898092639
3_7814086_indel    3  48.321764 2.6898092639
3_8085616_SNP      3  49.220442 2.8936065822
3_8393643_SNP      3  50.128562 3.4327336398
3_8663113_indel    3  50.944695 3.7239771105
3_8676900_SNP      3  51.752934 3.7083619767
3_8711490_SNP      3  52.806396 3.7758374202
3_8914953_SNP      3  54.440654 3.8857544146
3_9076317_SNP      3  55.533392 4.1154196332
3_9609607_SNP      3  57.539926 4.1251986756
3_9896666_SNP      3  58.609783 3.4197488549
3_10026296_SNP     3  59.629525 2.9022351081
3_10392428_indel   3  60.530435 2.0290967953
3_10861700_SNP     3  61.542735 2.1334569498
3_11463247_indel   3  62.759431 1.5465772566
3_11682565_indel   3  63.631254 1.2541236365
3_11870304_indel   3  64.595390 1.2918657004
3_12101782_SNP     3  66.011314 1.8201771211
3_12335463_SNP     3  67.162052 1.9188900982
3_12695417_SNP     3  68.045712 1.7906945335
3_13189285_SNP     3  68.939530 1.6175382440
3_13552968_SNP     3  69.969588 1.7418964248
3_14252791_SNP     3  70.817392 2.0751556384
3_15690805_SNP     3  71.835110 1.2279445358
3_15776167_indel   3  72.963142 1.2348076917
3_15940681_indel   3  74.304082 1.3485288290
3_16029084_SNP     3  75.167858 1.2631848678
3_20550131_SNP     3  76.030409 1.0261677468
3_50689824_SNP     3  77.027691 1.0363901559
3_51346126_indel   3  78.909890 0.7996732254
3_51407383_SNP     3  79.950199 0.4763110903
3_51916165_indel   3  81.367003 0.6277990014
3_52132798_SNP     3  82.369849 0.5096969753
3_53021679_SNP     3  83.466043 0.2626421481
3_53336139_SNP     3  84.461421 0.1942236655
3_53505316_SNP     3  85.625044 0.0170854178
3_53636651_SNP     3  86.479892 0.0055433006
3_54097554_SNP     3  87.604619 0.1512661109
3_54868378_SNP     3  88.472185 0.2682376842
3_55344965_SNP     3  89.982040 0.2280382898
3_55498815_SNP     3  91.101423 0.2113613093
3_55631256_indel   3  92.074179 0.2684188226
3_55904211_SNP     3  92.897985 0.2673671090
3_56021555_SNP     3  93.926421 0.2673671090
3_56140433_indel   3  94.892871 0.3616248986
3_56500421_SNP     3  96.144799 0.1882466253
3_56713923_SNP     3  97.009537 0.2334751487
3_56987650_indel   3  97.970703 0.1994006102
3_57189268_SNP     3  98.881634 0.1016999245
3_57353051_SNP     3 100.101806 0.1838018613
3_57485565_SNP     3 100.920747 0.3433305175
3_57669698_SNP     3 102.635614 0.5189632347
3_57925397_SNP     3 103.512888 0.4574332747
3_58210698_SNP     3 104.402659 0.4169890710
3_58396635_SNP     3 105.251735 0.3645107766
3_58501579_SNP     3 106.323431 0.4572797191
3_58680396_SNP     3 107.293584 0.3785109671
3_58768686_SNP     3 108.276014 0.9777303787
3_59110056_SNP     3 109.105975 0.9783290281
3_59299254_SNP     3 110.204418 0.6055974794
3_59587800_SNP     3 111.071909 0.4628683562
3_59820066_SNP     3 112.100322 0.3170926937
3_60059530_SNP     3 113.000549 0.2554207577
3_60523321_SNP     3 114.226518 0.2033546347
3_60590670_SNP     3 115.042902 0.0876132604
3_60818299_SNP     3 116.268269 0.0390535781
3_60936494_SNP     3 117.076799 0.0391599646
3_61228563_SNP     3 118.091018 0.0462751469
3_61438700_SNP     3 118.933354 0.0628420995
3_61687874_indel   3 119.905581 0.0479606304
3_61916606_SNP     3 120.752903 0.0458947717
3_62094354_indel   3 121.724741 0.0321371274
3_62317419_SNP     3 122.700838 0.0663081407
3_62620704_indel   3 123.745262 0.0233621503
3_62915681_indel   3 124.632426 0.0601956196
3_63226094_indel   3 125.646862 0.2234966242
3_63397358_indel   3 126.610080 0.3680546846
3_63612929_SNP     3 127.412626 0.3671630890
3_64008840_indel   3 128.275840 0.4480255406
3_64436837_indel   3 129.344654 0.4112327497
3_64802155_indel   3 130.153780 0.1838543397
3_65264119_SNP     3 130.996999 0.3689287654
3_65607125_indel   3 132.068183 0.4546560026
3_65905794_SNP     3 132.994435 0.4223509871
3_66412646_SNP     3 134.355440 0.4215556215
3_67047035_SNP     3 135.528299 0.4297325764
3_67689496_SNP     3 136.417331 0.5520823227
3_67899720_indel   3 137.219815 0.8388098034
3_68159009_SNP     3 138.211752 0.8439051203
3_68433356_SNP     3 139.097275 0.8495222868
3_69075110_indel   3 139.907613 0.7934925877
3_69174377_indel   3 140.960382 0.8137356530
3_69213343_SNP     3 141.918479 0.7107147101
3_69502954_SNP     3 142.768209 0.7271795360
3_69615596_SNP     3 143.719620 0.6103790177
3_69688959_SNP     3 144.590342 0.5922820909
3_69834977_SNP     3 145.530594 0.9176478509
3_70067271_SNP     3 146.687231 0.7758204404
3_70231542_SNP     3 147.828744 0.8066767413
3_70398835_indel   3 148.936924 0.4953645590
3_70586726_SNP     3 149.865558 0.2068133156
3_70856980_SNP     3 150.712989 0.3366055873
3_71304223_SNP     3 151.522547 0.2976273355
3_71517916_SNP     3 152.885955 0.0572512267
3_71671439_SNP     3 153.915665 0.0430098938
3_71807015_SNP     3 154.978088 0.0410286845
3_71898173_SNP     3 155.873968 0.0520022244
3_72105418_SNP     3 156.854898 0.0262096875
3_72230763_indel   3 157.667259 0.0124803163
3_72466480_SNP     3 159.087591 0.0100075362
3_72655196_SNP     3 159.963097 0.0407866674
3_72915411_indel   3 160.859115 0.0707425822
3_72988330_indel   3 161.674513 0.0005455745
3_73027258_SNP     3 162.866343 0.0151077577
3_73174831_indel   3 164.051525 0.0208875737
3_73350124_SNP     3 166.577466 0.0570690164
3_73577525_indel   3 167.562447 0.0300164129
3_74252401_indel   3 169.976165 0.0157775987
3_74269232_indel   3 171.303602 0.0150776637

$`4@85.3`
                 chr         pos         lod
4_86750_SNP        4   0.0000000 0.007604589
4_250258_indel     4   0.9010534 0.018139175
4_453323_indel     4   1.7272005 0.018052640
4_774112_SNP       4   2.6962642 0.012483220
4_869419_SNP       4   3.5034669 0.087095780
4_1000979_SNP      4   4.3892644 0.087260596
4_1162816_SNP      4   5.6056404 0.015164872
4_1248675_indel    4   6.4973240 0.013010991
4_1484380_indel    4   7.6407711 0.109877049
4_1911991_SNP      4   9.0229812 0.100448243
4_1971639_SNP      4   9.8250490 0.092539412
4_2011598_SNP      4  11.4339593 0.108985620
4_2297294_indel    4  12.4239182 0.115432480
4_2448205_SNP      4  13.3491255 0.094720204
4_2781098_SNP      4  14.4071091 0.037762419
4_2905638_SNP      4  15.7508072 0.158939293
4_3215890_SNP      4  17.5309340 0.167090312
4_3380971_SNP      4  19.2941261 0.345982909
4_3505130_indel    4  20.8492675 0.453165038
4_3571112_SNP      4  22.1397065 0.387537549
4_3856203_SNP      4  23.3838546 0.384104376
4_4108963_SNP      4  24.4907674 0.366915412
4_4213107_SNP      4  25.3141999 0.413208642
4_4288435_SNP      4  26.4788566 0.637108493
4_4520983_SNP      4  28.2726968 0.714956462
4_4567300_indel    4  29.1165005 0.680670894
4_4631748_indel    4  29.9915138 0.680670894
4_4729139_indel    4  31.1114674 0.559181718
4_4905104_indel    4  32.1497350 0.464304747
4_5089207_SNP      4  33.1535164 0.399522371
4_5190509_SNP      4  34.1151046 0.638005965
4_5349138_indel    4  35.1941471 0.632528753
4_5426773_indel    4  36.1099457 0.584302404
4_5572177_SNP      4  37.0074811 0.656686310
4_5840694_indel    4  37.8573105 0.631446600
4_6017776_SNP      4  38.9399300 0.858595628
4_6417903_SNP      4  40.6479515 0.840370559
4_6677094_SNP      4  41.4625464 0.861286203
4_6908227_SNP      4  42.8111535 0.854997229
4_7179009_SNP      4  43.9737402 1.033456079
4_7264484_SNP      4  44.7991293 0.630998941
4_7548747_SNP      4  45.6193824 0.414309532
4_7843776_SNP      4  46.4317334 0.669572967
4_8009884_SNP      4  47.6377732 0.598473012
4_8253493_SNP      4  48.5852272 0.513111569
4_8442832_SNP      4  50.1629727 0.590620069
4_8468936_indel    4  51.0867571 0.662659078
4_8602912_SNP      4  52.7181431 0.502091368
4_8867669_indel    4  54.2201618 0.844061270
4_9110689_SNP      4  55.7633687 0.902923995
4_9491923_SNP      4  56.7096905 0.743530668
4_9906320_SNP      4  57.7700648 0.939781769
4_10311589_indel   4  58.7908568 1.089418916
4_11408726_indel   4  59.8573673 1.375382464
4_12228676_indel   4  60.8750475 1.225255004
4_13591587_SNP     4  61.9340817 1.459002727
4_46852324_indel   4  63.0615934 1.441456435
4_48614322_SNP     4  63.9463722 1.473094661
4_49481297_SNP     4  64.8498118 1.727008441
4_50253134_indel   4  65.8078473 1.974414155
4_50666147_SNP     4  67.0563958 1.863411116
4_51212119_SNP     4  68.4778745 1.667098314
4_51335553_SNP     4  69.6930494 1.702684891
4_51424903_indel   4  70.6453252 2.003715540
4_51490709_SNP     4  71.5950940 2.072804416
4_51652701_SNP     4  72.4758662 2.310370617
4_51925155_SNP     4  73.5189981 2.525139180
4_54209068_indel   4  82.3733047 3.703805625
4_54397210_SNP     4  83.3657768 3.612756691
4_54801117_indel   4  84.3783283 4.435260802
4_55312647_SNP     4  85.3026612 4.557457962
4_55625524_SNP     4  86.3965658 2.898831644
4_55841452_SNP     4  87.3722383 2.595896411
4_56103796_indel   4  88.3129310 3.009340261
4_56727509_SNP     4  89.2355893 1.732801867
4_57040582_SNP     4  90.6120448 1.151270714
4_57114887_SNP     4  91.5042818 1.422985997
4_57484208_SNP     4  92.3081833 1.534487361
4_57641039_SNP     4  93.2182231 1.304670423
4_57913281_SNP     4  94.0699056 1.276636216
4_58138247_SNP     4  94.9368660 1.257681150
4_58385817_SNP     4  95.9496751 1.369516850
4_58649860_SNP     4  96.7774182 1.308445510
4_59085327_SNP     4  97.8287937 1.133589656
4_59432869_SNP     4  99.0018818 1.071987963
4_59499463_SNP     4  99.8835780 0.833152700
4_59578963_SNP     4 100.7519568 0.830780237
4_59714027_SNP     4 101.6215550 0.813996902
4_60098883_indel   4 102.4962074 0.806975737
4_60264623_indel   4 103.3302928 0.483202858
4_60662228_SNP     4 104.2078736 0.727449005
4_60890566_SNP     4 105.0422690 0.872814446
4_61132126_SNP     4 106.1613281 0.706722388
4_61400733_SNP     4 107.0574459 0.677028232
4_61602757_SNP     4 107.9872511 1.005792417
4_61809702_indel   4 108.7878739 0.982159842
4_62066670_SNP     4 109.7731368 0.951753062
4_62222789_SNP     4 110.6239330 0.643780911
4_62348827_SNP     4 111.4513335 0.715441731
4_62448585_indel   4 112.3630268 0.756801061
4_62452179_indel   4 112.7435323 0.740182480
4_62599717_SNP     4 113.8778271 0.831976937
4_62694340_indel   4 114.7871722 0.834432462
4_62834413_SNP     4 115.5520040 0.834421196
4_62889512_SNP     4 115.8517902 0.801869174
4_62906270_SNP     4 115.9668936 0.802117439
4_62982569_SNP     4 116.7363125 0.806144910
4_63232891_indel   4 117.7419735 0.986941854
4_63395714_SNP     4 118.6698948 0.892659577
4_63524531_SNP     4 119.5241019 0.954646254
4_63749683_SNP     4 120.7971689 0.847931257
4_63849561_SNP     4 121.6733554 0.803841652
4_63907675_SNP     4 122.5127516 0.520721665
4_64002820_indel   4 123.5056688 0.423901662
4_64090182_SNP     4 124.6525916 0.347658458
4_64339833_SNP     4 125.5122809 0.269784434
4_64425951_SNP     4 126.3434913 0.133489507
4_64542954_indel   4 127.2326589 0.052526839
4_64634747_SNP     4 128.0334672 0.023113342
4_64740215_SNP     4 128.8603776 0.020957270
4_65129253_SNP     4 129.9736430 0.012272326
4_65303115_SNP     4 131.0692928 0.009677961
4_65408187_indel   4 131.9225993 0.009677961
4_65555695_SNP     4 132.9383357 0.010490583
4_65673301_indel   4 133.9763576 0.010748337
4_65878351_indel   4 134.8711597 0.009239808
4_66178825_SNP     4 135.9249562 0.026256617
4_66294205_SNP     4 136.7634172 0.009357538
4_66447927_indel   4 137.8644203 0.014583695
4_66623395_SNP     4 138.6705966 0.023995908
4_67061663_indel   4 139.7776114 0.115450023
4_67248453_SNP     4 140.7957038 0.184401469
4_67545811_SNP     4 141.9005822 0.139504063
4_67796392_SNP     4 142.7999723 0.125593324
4_68134966_SNP     4 143.7638495 0.128399730
4_68263635_SNP     4 144.5705466 0.155995333

$`7@73.2`
                 chr        pos         lod
7_86832_SNP        7   0.000000  0.49124105
7_279386_indel     7   1.705709  0.22371867
7_702009_SNP       7   3.012135  0.33217861
7_934029_indel     7   4.096955  0.14417597
7_1085826_SNP      7   4.928178  0.26774258
7_1247920_SNP      7   6.342841  0.27725151
7_1490343_indel    7   7.918102  0.18033378
7_1566966_indel    7   8.839650  0.17832173
7_1900694_indel    7   9.919507  0.19339801
7_2003767_SNP      7  11.375949  0.06872539
7_2113188_SNP      7  12.403503  0.03776970
7_2329647_SNP      7  13.453070  0.03981442
7_2519534_SNP      7  15.409925  0.02665664
7_2614779_SNP      7  16.237011  0.02744244
7_2789950_indel    7  17.119407  0.08308301
7_2930906_SNP      7  18.039552  0.05237771
7_3191438_SNP      7  19.298775  0.03073598
7_3235816_SNP      7  20.771622  0.01517257
7_3281084_SNP      7  21.594794  0.02256550
7_3640745_indel    7  23.180096  0.02182210
7_3752202_indel    7  24.041205  0.02426965
7_4251966_SNP      7  25.421178  0.01583096
7_4423904_SNP      7  26.731324  0.19385064
7_4520711_indel    7  27.533179  0.29714223
7_4660474_indel    7  28.919337  0.13884936
7_4945572_indel    7  31.283881  0.06666731
7_5157372_SNP      7  32.872531  0.13020427
7_5434727_indel    7  34.166934  0.17929477
7_5794229_SNP      7  35.529739  0.18531327
7_5810979_SNP      7  36.333687  0.24190478
7_5948166_SNP      7  37.144313  0.31103616
7_6217089_SNP      7  38.803642  0.29999782
7_6503230_SNP      7  39.820800  0.50688443
7_6721543_indel    7  41.229995  0.45011927
7_7008352_SNP      7  42.605761  0.47711810
7_7688785_SNP      7  43.864961  0.75091997
7_7878422_SNP      7  45.375104  0.80898705
7_8217299_indel    7  46.225483  0.85188447
7_8733123_indel    7  47.355472  0.86581268
7_8995240_SNP      7  48.269432  1.02532856
7_9716266_SNP      7  49.258539  1.25609959
7_10252023_SNP     7  50.093082  1.59496056
7_11697969_SNP     7  50.898856  1.58647128
7_28588571_SNP     7  51.797646  1.69075923
7_52167960_SNP     7  52.609388  1.29066797
7_53942747_SNP     7  53.584509  1.48005529
7_54787585_indel   7  54.473644  1.53965724
7_55989712_SNP     7  55.442691  1.99152612
7_56456345_indel   7  56.435245  2.72587906
7_56572890_SNP     7  57.412571  2.87005709
7_56921644_SNP     7  58.286508  3.82437505
7_57288688_SNP     7  59.352861  3.85568304
7_57417216_SNP     7  60.206701  3.59836618
7_57557880_SNP     7  61.292163  4.91621659
7_57704589_indel   7  62.118718  4.97936698
7_57954146_SNP     7  62.952823  6.17084065
7_58275627_SNP     7  63.931273  6.29071788
7_58340680_indel   7  64.777525  6.31041077
7_58476664_SNP     7  65.641870  6.80344168
7_58852992_SNP     7  67.180063  7.80008127
7_59051509_SNP     7  68.207113  8.11176924
7_59196977_SNP     7  69.399774  8.23596402
7_59277216_SNP     7  70.222928  8.29311655
7_59481526_SNP     7  71.169062  8.39692669
7_59505307_SNP     7  71.355232  8.53874441
7_59533447_SNP     7  71.977474 10.19314956
7_59631468_indel   7  72.896668 10.52735568
7_59654592_SNP     7  73.170787 10.74367218
7_59847033_indel   7  73.755778 10.43386685
7_59867828_SNP     7  73.865325 10.73437605
7_59991087_indel   7  75.342816  7.23323855
7_60193676_SNP     7  76.572473  6.64703839
7_60278391_SNP     7  77.585143  5.52842947
7_60470668_SNP     7  78.549843  4.56213253
7_60945971_SNP     7  79.468015  4.38020447
7_61098841_SNP     7  80.584652  4.13061035
7_61192329_indel   7  82.071048  4.37790151
7_61403499_SNP     7  83.138148  3.87970929
7_61479012_SNP     7  83.966120  3.67872118
7_61642296_SNP     7  84.795520  3.44445030
7_62033499_SNP     7  85.690130  2.84550470
7_62132237_SNP     7  86.626701  2.53580364
7_62308835_SNP     7  87.438139  2.62776565
7_62451181_indel   7  88.369401  2.52622516
7_62472296_SNP     7  89.191903  2.68467932
7_62618928_indel   7  90.182912  2.48584908
7_62861600_SNP     7  90.987742  1.95106921
7_62964467_SNP     7  91.839150  1.95673843
7_62984265_indel   7  92.639767  1.96089470
7_63129587_SNP     7  93.826035  1.12878970
7_63450119_SNP     7  94.812028  0.92604997
7_63570480_SNP     7  95.637549  0.79458284
7_63682011_SNP     7  96.507160  0.35391594
7_63752332_SNP     7  97.535385  0.39812354
7_63986311_indel   7  98.533908  0.38241747
7_64035577_SNP     7  99.458940  0.39362737
7_64067745_indel   7 100.282638  0.39120828
7_64255840_SNP     7 101.092487  0.44187450
7_64606266_SNP     7 102.434533  0.48343969
7_64857800_SNP     7 103.408469  0.42750903
7_65401746_SNP     7 105.103999  0.49184376
7_65435009_SNP     7 105.946380  0.59734275

