$`7@73.2`
                 chr        pos         lod
7_86832_SNP        7   0.000000 0.780831766
7_279386_indel     7   1.705709 0.525852250
7_702009_SNP       7   3.012135 0.387591745
7_934029_indel     7   4.096955 0.362409240
7_1085826_SNP      7   4.928178 0.463603200
7_1247920_SNP      7   6.342841 0.539195139
7_1490343_indel    7   7.918102 0.608559002
7_1566966_indel    7   8.839650 0.629693726
7_1900694_indel    7   9.919507 0.591264804
7_2003767_SNP      7  11.375949 0.260688312
7_2113188_SNP      7  12.403503 0.186663116
7_2329647_SNP      7  13.453070 0.150427093
7_2519534_SNP      7  15.409925 0.192621033
7_2614779_SNP      7  16.237011 0.189971202
7_2789950_indel    7  17.119407 0.239549860
7_2930906_SNP      7  18.039552 0.125441459
7_3191438_SNP      7  19.298775 0.077388888
7_3235816_SNP      7  20.771622 0.030777858
7_3281084_SNP      7  21.594794 0.026162672
7_3640745_indel    7  23.180096 0.013129614
7_3752202_indel    7  24.041205 0.008950902
7_4251966_SNP      7  25.421178 0.017324337
7_4423904_SNP      7  26.731324 0.174390964
7_4520711_indel    7  27.533179 0.177404655
7_4660474_indel    7  28.919337 0.067190965
7_4945572_indel    7  31.283881 0.063704814
7_5157372_SNP      7  32.872531 0.122439575
7_5434727_indel    7  34.166934 0.212623912
7_5794229_SNP      7  35.529739 0.224737072
7_5810979_SNP      7  36.333687 0.280154705
7_5948166_SNP      7  37.144313 0.301222329
7_6217089_SNP      7  38.803642 0.234843308
7_6503230_SNP      7  39.820800 0.310647759
7_6721543_indel    7  41.229995 0.471472354
7_7008352_SNP      7  42.605761 0.430029670
7_7688785_SNP      7  43.864961 0.904694820
7_7878422_SNP      7  45.375104 1.071052468
7_8217299_indel    7  46.225483 1.169856699
7_8733123_indel    7  47.355472 1.186749752
7_8995240_SNP      7  48.269432 1.389664857
7_9716266_SNP      7  49.258539 1.361568830
7_10252023_SNP     7  50.093082 1.635701084
7_11697969_SNP     7  50.898856 1.337961793
7_28588571_SNP     7  51.797646 1.413484827
7_52167960_SNP     7  52.609388 1.225493584
7_53942747_SNP     7  53.584509 1.291694639
7_54787585_indel   7  54.473644 1.324894189
7_55989712_SNP     7  55.442691 1.697504751
7_56456345_indel   7  56.435245 2.561768008
7_56572890_SNP     7  57.412571 2.661668210
7_56921644_SNP     7  58.286508 3.315591031
7_57288688_SNP     7  59.352861 3.318139046
7_57417216_SNP     7  60.206701 3.285521485
7_57557880_SNP     7  61.292163 3.899847257
7_57704589_indel   7  62.118718 4.063107325
7_57954146_SNP     7  62.952823 4.462925267
7_58275627_SNP     7  63.931273 4.292648767
7_58340680_indel   7  64.777525 4.364059086
7_58476664_SNP     7  65.641870 4.544568045
7_58852992_SNP     7  67.180063 5.423407007
7_59051509_SNP     7  68.207113 6.332192259
7_59196977_SNP     7  69.399774 7.092964684
7_59277216_SNP     7  70.222928 7.619043749
7_59481526_SNP     7  71.169062 7.692321127
7_59505307_SNP     7  71.355232 7.950737200
7_59533447_SNP     7  71.977474 8.672485456
7_59631468_indel   7  72.896668 9.294256320
7_59654592_SNP     7  73.170787 9.759813177
7_59847033_indel   7  73.755778 9.342529035
7_59867828_SNP     7  73.865325 9.307639290
7_59991087_indel   7  75.342816 5.793529281
7_60193676_SNP     7  76.572473 5.576133231
7_60278391_SNP     7  77.585143 4.967476429
7_60470668_SNP     7  78.549843 4.589423116
7_60945971_SNP     7  79.468015 4.690730456
7_61098841_SNP     7  80.584652 3.920722234
7_61192329_indel   7  82.071048 3.765961102
7_61403499_SNP     7  83.138148 3.615275284
7_61479012_SNP     7  83.966120 3.334065298
7_61642296_SNP     7  84.795520 3.009169266
7_62033499_SNP     7  85.690130 2.462292267
7_62132237_SNP     7  86.626701 2.124416699
7_62308835_SNP     7  87.438139 2.116193138
7_62451181_indel   7  88.369401 2.013140943
7_62472296_SNP     7  89.191903 1.939856244
7_62618928_indel   7  90.182912 1.830595554
7_62861600_SNP     7  90.987742 2.191262918
7_62964467_SNP     7  91.839150 2.226324908
7_62984265_indel   7  92.639767 2.257446857
7_63129587_SNP     7  93.826035 1.502645559
7_63450119_SNP     7  94.812028 1.244765419
7_63570480_SNP     7  95.637549 1.155420500
7_63682011_SNP     7  96.507160 0.639577066
7_63752332_SNP     7  97.535385 0.727761286
7_63986311_indel   7  98.533908 0.741669185
7_64035577_SNP     7  99.458940 0.806030213
7_64067745_indel   7 100.282638 0.870553395
7_64255840_SNP     7 101.092487 0.811362201
7_64606266_SNP     7 102.434533 0.739046807
7_64857800_SNP     7 103.408469 0.671082063
7_65401746_SNP     7 105.103999 1.203066148
7_65435009_SNP     7 105.946380 1.375555581

