$`4@112.4`
                 chr         pos         lod
4_86750_SNP        4   0.0000000 0.100208937
4_250258_indel     4   0.9010534 0.061838162
4_453323_indel     4   1.7272005 0.045222624
4_774112_SNP       4   2.6962642 0.040459313
4_869419_SNP       4   3.5034669 0.075396874
4_1000979_SNP      4   4.3892644 0.074440158
4_1162816_SNP      4   5.6056404 0.129844637
4_1248675_indel    4   6.4973240 0.124243507
4_1484380_indel    4   7.6407711 0.091341063
4_1911991_SNP      4   9.0229812 0.043389090
4_1971639_SNP      4   9.8250490 0.044364075
4_2011598_SNP      4  11.4339593 0.074226358
4_2297294_indel    4  12.4239182 0.148584430
4_2448205_SNP      4  13.3491255 0.019799915
4_2781098_SNP      4  14.4071091 0.059763747
4_2905638_SNP      4  15.7508072 0.088150762
4_3215890_SNP      4  17.5309340 0.022297793
4_3380971_SNP      4  19.2941261 0.006705844
4_3505130_indel    4  20.8492675 0.004327046
4_3571112_SNP      4  22.1397065 0.022161222
4_3856203_SNP      4  23.3838546 0.055614660
4_4108963_SNP      4  24.4907674 0.095319477
4_4213107_SNP      4  25.3141999 0.087652353
4_4288435_SNP      4  26.4788566 0.077600258
4_4520983_SNP      4  28.2726968 0.048131725
4_4567300_indel    4  29.1165005 0.104676795
4_4631748_indel    4  29.9915138 0.091468065
4_4729139_indel    4  31.1114674 0.180081061
4_4905104_indel    4  32.1497350 0.133324152
4_5089207_SNP      4  33.1535164 0.100809345
4_5190509_SNP      4  34.1151046 0.122408380
4_5349138_indel    4  35.1941471 0.077768649
4_5426773_indel    4  36.1099457 0.057745155
4_5572177_SNP      4  37.0074811 0.028264861
4_5840694_indel    4  37.8573105 0.039877510
4_6017776_SNP      4  38.9399300 0.007205243
4_6417903_SNP      4  40.6479515 0.010123650
4_6677094_SNP      4  41.4625464 0.010063558
4_6908227_SNP      4  42.8111535 0.025493620
4_7179009_SNP      4  43.9737402 0.023724974
4_7264484_SNP      4  44.7991293 0.016705405
4_7548747_SNP      4  45.6193824 0.023529788
4_7843776_SNP      4  46.4317334 0.002395701
4_8009884_SNP      4  47.6377732 0.004074589
4_8253493_SNP      4  48.5852272 0.004220906
4_8442832_SNP      4  50.1629727 0.004139420
4_8468936_indel    4  51.0867571 0.002971045
4_8602912_SNP      4  52.7181431 0.001348165
4_8867669_indel    4  54.2201618 0.180789059
4_9110689_SNP      4  55.7633687 0.118282190
4_9491923_SNP      4  56.7096905 0.108498796
4_9906320_SNP      4  57.7700648 0.153262304
4_10311589_indel   4  58.7908568 0.262515131
4_11408726_indel   4  59.8573673 0.403253413
4_12228676_indel   4  60.8750475 0.333536606
4_13591587_SNP     4  61.9340817 0.492284844
4_46852324_indel   4  63.0615934 0.526608154
4_48614322_SNP     4  63.9463722 0.712687575
4_49481297_SNP     4  64.8498118 1.071733875
4_50253134_indel   4  65.8078473 1.140200951
4_50666147_SNP     4  67.0563958 1.128058708
4_51212119_SNP     4  68.4778745 0.934498271
4_51335553_SNP     4  69.6930494 0.921939807
4_51424903_indel   4  70.6453252 0.996471570
4_51490709_SNP     4  71.5950940 1.058579675
4_51652701_SNP     4  72.4758662 1.044691994
4_51925155_SNP     4  73.5189981 1.149042000
4_54209068_indel   4  82.3733047 1.469503991
4_54397210_SNP     4  83.3657768 1.495675290
4_54801117_indel   4  84.3783283 2.005950705
4_55312647_SNP     4  85.3026612 1.891562697
4_55625524_SNP     4  86.3965658 1.971564735
4_55841452_SNP     4  87.3722383 1.689516441
4_56103796_indel   4  88.3129310 2.345971712
4_56727509_SNP     4  89.2355893 1.334818741
4_57040582_SNP     4  90.6120448 1.740795423
4_57114887_SNP     4  91.5042818 2.216408197
4_57484208_SNP     4  92.3081833 2.181805801
4_57641039_SNP     4  93.2182231 2.233880136
4_57913281_SNP     4  94.0699056 2.330537440
4_58138247_SNP     4  94.9368660 2.330537440
4_58385817_SNP     4  95.9496751 2.319653751
4_58649860_SNP     4  96.7774182 2.312468054
4_59085327_SNP     4  97.8287937 2.093018945
4_59432869_SNP     4  99.0018818 2.091044669
4_59499463_SNP     4  99.8835780 1.697112813
4_59578963_SNP     4 100.7519568 1.681930915
4_59714027_SNP     4 101.6215550 1.716241092
4_60098883_indel   4 102.4962074 1.658219232
4_60264623_indel   4 103.3302928 1.800077767
4_60662228_SNP     4 104.2078736 1.724291137
4_60890566_SNP     4 105.0422690 1.927026834
4_61132126_SNP     4 106.1613281 2.412753327
4_61400733_SNP     4 107.0574459 2.315244862
4_61602757_SNP     4 107.9872511 3.217896169
4_61809702_indel   4 108.7878739 3.233167350
4_62066670_SNP     4 109.7731368 3.241220796
4_62222789_SNP     4 110.6239330 4.043107285
4_62348827_SNP     4 111.4513335 4.459076857
4_62448585_indel   4 112.3630268 5.044046537
4_62452179_indel   4 112.7435323 4.973931026
4_62599717_SNP     4 113.8778271 4.722674216
4_62694340_indel   4 114.7871722 4.734332726
4_62834413_SNP     4 115.5520040 4.768994719
4_62889512_SNP     4 115.8517902 4.435687938
4_62906270_SNP     4 115.9668936 4.435687938
4_62982569_SNP     4 116.7363125 4.573269975
4_63232891_indel   4 117.7419735 3.701189347
4_63395714_SNP     4 118.6698948 3.269223171
4_63524531_SNP     4 119.5241019 2.907564631
4_63749683_SNP     4 120.7971689 2.347446136
4_63849561_SNP     4 121.6733554 2.133116693
4_63907675_SNP     4 122.5127516 1.839896066
4_64002820_indel   4 123.5056688 1.653052648
4_64090182_SNP     4 124.6525916 1.405008190
4_64339833_SNP     4 125.5122809 1.488825034
4_64425951_SNP     4 126.3434913 0.642111226
4_64542954_indel   4 127.2326589 0.344738337
4_64634747_SNP     4 128.0334672 0.452394880
4_64740215_SNP     4 128.8603776 0.569689869
4_65129253_SNP     4 129.9736430 0.567122099
4_65303115_SNP     4 131.0692928 0.530491715
4_65408187_indel   4 131.9225993 0.530491715
4_65555695_SNP     4 132.9383357 0.478635502
4_65673301_indel   4 133.9763576 0.447944974
4_65878351_indel   4 134.8711597 0.442118907
4_66178825_SNP     4 135.9249562 0.364401713
4_66294205_SNP     4 136.7634172 0.271938991
4_66447927_indel   4 137.8644203 0.270661837
4_66623395_SNP     4 138.6705966 0.372051850
4_67061663_indel   4 139.7776114 0.309184862
4_67248453_SNP     4 140.7957038 0.297226093
4_67545811_SNP     4 141.9005822 0.294763620
4_67796392_SNP     4 142.7999723 0.304087377
4_68134966_SNP     4 143.7638495 0.304087377
4_68263635_SNP     4 144.5705466 0.298462241

