$`6@32.7`
                 chr        pos        lod
6_12943_indel      6   0.000001 0.24174396
6_247105_SNP       6   1.272634 0.19248052
6_383867_SNP       6   3.533648 0.31944830
6_453019_SNP       6   4.367040 0.39193471
6_534170_SNP       6   5.337766 0.39224658
6_1502691_SNP      6  10.695834 0.73472169
6_1595309_SNP      6  11.906185 0.74724326
6_1659583_SNP      6  13.034247 0.78303062
6_31573783_indel   6  23.933194 1.77144307
6_39208082_SNP     6  24.788783 1.85293460
6_40097072_SNP     6  26.223164 2.37742328
6_40493334_SNP     6  27.644516 3.11257448
6_42051620_SNP     6  28.550477 2.84580109
6_42085051_SNP     6  29.358664 3.16533538
6_42508419_SNP     6  30.673821 4.63367412
6_42667578_SNP     6  31.040059 4.79540403
6_42771012_SNP     6  31.593350 4.84286147
6_43304972_SNP     6  32.658204 4.87922406
6_43908700_SNP     6  33.571547 3.47304617
6_44369358_SNP     6  34.483286 3.02549777
6_44831606_SNP     6  36.605823 1.59434234
6_44971272_indel   6  37.507456 1.55781231
6_45025166_SNP     6  38.817693 1.02765012
6_45199796_SNP     6  39.688196 1.16822244
6_45491360_SNP     6  40.573771 1.15089717
6_45706034_SNP     6  41.467845 1.58695399
6_46017027_SNP     6  42.390913 0.94854907
6_46100258_SNP     6  43.195704 0.90482915
6_46560392_indel   6  44.288166 0.47730421
6_46768983_SNP     6  45.098857 0.48174208
6_47419607_SNP     6  45.932409 0.46215515
6_47700409_SNP     6  46.910146 0.30892244
6_48097150_indel   6  48.501324 0.06036815
6_48235961_SNP     6  49.305900 0.04245387
6_48451963_SNP     6  50.127893 0.06481277
6_48888283_indel   6  51.795708 0.01526713
6_49432919_SNP     6  52.672178 0.01780730
6_49796939_SNP     6  53.559466 0.01223543
6_50043846_SNP     6  54.780697 0.01331502
6_50325864_SNP     6  55.841904 0.05627680
6_50441886_SNP     6  56.897961 0.02149264
6_50756338_SNP     6  57.835625 0.05462358
6_50878497_SNP     6  58.770024 0.02945613
6_50972610_SNP     6  59.874137 0.03169872
6_51115424_SNP     6  60.777924 0.23434827
6_51237074_indel   6  62.070750 0.17424347
6_51708614_SNP     6  62.964710 0.16961490
6_51873624_indel   6  63.911329 0.14823423
6_51998613_SNP     6  64.723320 0.15199402
6_52200468_SNP     6  65.579775 0.15111584
6_52518637_SNP     6  66.495972 0.18487403
6_52603908_SNP     6  67.435806 0.25072470
6_52681622_SNP     6  68.242658 0.33384232
6_52793305_SNP     6  69.152800 0.47225661
6_53179211_SNP     6  69.996162 0.47250708
6_53324604_SNP     6  71.153287 0.55461323
6_53769180_indel   6  72.052854 0.66162501
6_53859177_SNP     6  72.857270 0.67795121
6_53977646_SNP     6  74.231868 0.79143633
6_54086970_indel   6  75.096093 0.84320377
6_54448719_indel   6  75.959100 0.92611704
6_54583073_SNP     6  76.784331 0.76920947
6_54754928_SNP     6  77.914897 0.52281658
6_54917744_SNP     6  78.742830 0.59633611
6_55081291_SNP     6  79.819299 0.54550772
6_55278568_indel   6  80.879107 0.65989623
6_55438950_SNP     6  81.731183 0.58472594
6_55635417_SNP     6  82.654999 0.44156284
6_55726866_SNP     6  83.463054 0.43623340
6_56004016_indel   6  84.353694 0.35081366
6_56156366_indel   6  85.309015 0.38426539
6_56340872_SNP     6  86.115922 0.40356651
6_56532147_SNP     6  86.929782 0.31304977
6_56790327_indel   6  87.809166 0.22512965
6_56953802_SNP     6  88.285335 0.19627577
6_56985605_indel   6  88.645779 0.16990815
6_57170566_indel   6  89.480611 0.14923233
6_57296677_SNP     6  90.452408 0.21477773
6_57564676_indel   6  91.265370 0.25828744
6_58036906_SNP     6  92.472880 0.22953279
6_58170876_SNP     6  93.630788 0.13041750
6_58336146_indel   6  94.480722 0.06602682
6_58525556_SNP     6  95.790586 0.01359018
6_58714638_SNP     6  97.178410 0.01112502
6_58853250_SNP     6  98.009646 0.01784300
6_59212163_SNP     6  99.084681 0.01834894
6_59269955_SNP     6 100.084688 0.02280800
6_59412540_indel   6 101.052365 0.02069644
6_59751871_SNP     6 101.897381 0.01644619
6_59886356_indel   6 102.814414 0.01446001
6_60195729_SNP     6 103.695342 0.03453015
6_60571190_indel   6 104.582185 0.01465373
6_60764821_SNP     6 105.568966 0.01635013
6_60840399_SNP     6 106.457219 0.05579652
6_61138591_SNP     6 107.460631 0.01325220
6_61182223_SNP     6 108.926941 0.01195196

$`7@73.2`
                 chr        pos         lod
7_86832_SNP        7   0.000000 0.078912380
7_279386_indel     7   1.705709 0.048762146
7_702009_SNP       7   3.012135 0.159190442
7_934029_indel     7   4.096955 0.096739808
7_1085826_SNP      7   4.928178 0.116302939
7_1247920_SNP      7   6.342841 0.154589399
7_1490343_indel    7   7.918102 0.251931790
7_1566966_indel    7   8.839650 0.273521340
7_1900694_indel    7   9.919507 0.205207117
7_2003767_SNP      7  11.375949 0.017048129
7_2113188_SNP      7  12.403503 0.013207746
7_2329647_SNP      7  13.453070 0.006417931
7_2519534_SNP      7  15.409925 0.013194147
7_2614779_SNP      7  16.237011 0.014919328
7_2789950_indel    7  17.119407 0.011582554
7_2930906_SNP      7  18.039552 0.121789060
7_3191438_SNP      7  19.298775 0.162135738
7_3235816_SNP      7  20.771622 0.236813531
7_3281084_SNP      7  21.594794 0.232755132
7_3640745_indel    7  23.180096 0.614715085
7_3752202_indel    7  24.041205 0.711157193
7_4251966_SNP      7  25.421178 0.923578901
7_4423904_SNP      7  26.731324 0.535122111
7_4520711_indel    7  27.533179 0.413537043
7_4660474_indel    7  28.919337 0.190996253
7_4945572_indel    7  31.283881 0.257565796
7_5157372_SNP      7  32.872531 0.259313974
7_5434727_indel    7  34.166934 0.202301137
7_5794229_SNP      7  35.529739 0.175870359
7_5810979_SNP      7  36.333687 0.319902933
7_5948166_SNP      7  37.144313 0.510287395
7_6217089_SNP      7  38.803642 0.518611803
7_6503230_SNP      7  39.820800 0.604097319
7_6721543_indel    7  41.229995 0.784769898
7_7008352_SNP      7  42.605761 0.846210085
7_7688785_SNP      7  43.864961 1.255731913
7_7878422_SNP      7  45.375104 1.341839545
7_8217299_indel    7  46.225483 1.374496038
7_8733123_indel    7  47.355472 1.421465057
7_8995240_SNP      7  48.269432 1.663586114
7_9716266_SNP      7  49.258539 1.382194395
7_10252023_SNP     7  50.093082 1.114975553
7_11697969_SNP     7  50.898856 1.112843324
7_28588571_SNP     7  51.797646 1.151607916
7_52167960_SNP     7  52.609388 1.035524699
7_53942747_SNP     7  53.584509 1.365813320
7_54787585_indel   7  54.473644 1.385358329
7_55989712_SNP     7  55.442691 1.974601402
7_56456345_indel   7  56.435245 2.335102564
7_56572890_SNP     7  57.412571 2.318787556
7_56921644_SNP     7  58.286508 2.376242412
7_57288688_SNP     7  59.352861 2.368524268
7_57417216_SNP     7  60.206701 2.322494002
7_57557880_SNP     7  61.292163 2.624778401
7_57704589_indel   7  62.118718 2.612949086
7_57954146_SNP     7  62.952823 2.662270183
7_58275627_SNP     7  63.931273 2.841404016
7_58340680_indel   7  64.777525 3.119390639
7_58476664_SNP     7  65.641870 3.605491178
7_58852992_SNP     7  67.180063 5.347837243
7_59051509_SNP     7  68.207113 6.248773917
7_59196977_SNP     7  69.399774 7.600203501
7_59277216_SNP     7  70.222928 7.894817541
7_59481526_SNP     7  71.169062 8.464225548
7_59505307_SNP     7  71.355232 8.559506128
7_59533447_SNP     7  71.977474 9.222054417
7_59631468_indel   7  72.896668 9.652374431
7_59654592_SNP     7  73.170787 9.807690176
7_59847033_indel   7  73.755778 9.765793733
7_59867828_SNP     7  73.865325 9.748398398
7_59991087_indel   7  75.342816 6.452767286
7_60193676_SNP     7  76.572473 6.744998475
7_60278391_SNP     7  77.585143 6.479189657
7_60470668_SNP     7  78.549843 6.967897210
7_60945971_SNP     7  79.468015 6.789360023
7_61098841_SNP     7  80.584652 4.518040249
7_61192329_indel   7  82.071048 4.313934563
7_61403499_SNP     7  83.138148 3.696844818
7_61479012_SNP     7  83.966120 3.558736222
7_61642296_SNP     7  84.795520 3.834123683
7_62033499_SNP     7  85.690130 3.373483750
7_62132237_SNP     7  86.626701 3.030796511
7_62308835_SNP     7  87.438139 2.995283790
7_62451181_indel   7  88.369401 2.777054081
7_62472296_SNP     7  89.191903 3.066209352
7_62618928_indel   7  90.182912 2.915282639
7_62861600_SNP     7  90.987742 1.714757984
7_62964467_SNP     7  91.839150 1.638936101
7_62984265_indel   7  92.639767 1.627495643
7_63129587_SNP     7  93.826035 1.168277528
7_63450119_SNP     7  94.812028 1.008231454
7_63570480_SNP     7  95.637549 0.922689621
7_63682011_SNP     7  96.507160 0.980279164
7_63752332_SNP     7  97.535385 1.016795998
7_63986311_indel   7  98.533908 1.051335370
7_64035577_SNP     7  99.458940 1.082066722
7_64067745_indel   7 100.282638 1.149056039
7_64255840_SNP     7 101.092487 0.911859020
7_64606266_SNP     7 102.434533 0.683716678
7_64857800_SNP     7 103.408469 0.608496234
7_65401746_SNP     7 105.103999 0.939848272
7_65435009_SNP     7 105.946380 0.885959308

