$`10@38.8`
                  chr         pos       lod
10_47200_SNP       10   0.2191863 0.2519508
10_594536_SNP      10   1.0247762 0.2737712
10_790567_SNP      10   2.1945863 0.3769845
10_1145111_SNP     10   3.3470441 0.5017688
10_1226278_SNP     10   4.3857027 0.7087993
10_1312449_indel   10   5.6286834 1.1305261
10_1552816_SNP     10   6.4489449 1.4093370
10_1674278_SNP     10   7.2736948 1.5584039
10_1769194_SNP     10   8.1189316 1.7571358
10_1865539_SNP     10   8.9836808 1.7533114
10_2003120_SNP     10   9.6604699 1.7940693
10_2029603_SNP     10   9.8808643 1.7995998
10_2239990_SNP     10  11.0910983 1.3566694
10_2256759_indel   10  11.9656355 1.3570084
10_2291876_SNP     10  13.3097240 1.6349601
10_2342917_SNP     10  14.2210039 1.5271112
10_2443743_SNP     10  15.2236201 1.6685705
10_2503103_SNP     10  16.3640202 1.4838443
10_2567493_SNP     10  17.3953041 1.6160713
10_2674120_indel   10  18.8476408 1.4712770
10_2779866_SNP     10  19.7505478 1.4717840
10_3006777_SNP     10  20.7382908 1.1769394
10_3320221_indel   10  21.8529677 1.9932317
10_3455212_indel   10  22.9074169 1.7106713
10_3566551_indel   10  23.9432494 1.7358460
10_3628687_indel   10  24.8534661 1.7711959
10_3663606_indel   10  26.0990743 1.6940830
10_3848790_SNP     10  27.3450615 2.0221147
10_4093608_SNP     10  28.3908662 2.0255024
10_4274949_SNP     10  29.4622687 1.9047353
10_4471639_SNP     10  30.2787808 1.3478464
10_4611354_SNP     10  31.1863116 1.4530965
10_4709177_SNP     10  32.8978663 1.5998403
10_4990537_SNP     10  34.1026263 2.1434886
10_5061840_SNP     10  35.0712593 2.2162427
10_5125666_indel   10  35.9501492 2.9492327
10_5267950_SNP     10  36.8487913 3.0909814
10_5551100_SNP     10  38.4079812 5.7623592
10_5630305_SNP     10  38.8187219 5.8745359
10_5718670_SNP     10  39.1510865 5.1498772
10_5777799_indel   10  39.4007780 5.1696935
10_5958042_indel   10  40.4125029 5.0978803
10_6305244_SNP     10  41.4975018 4.5528699
10_6375702_SNP     10  42.4247701 4.4433979
10_6503777_SNP     10  43.2794217 4.4148585
10_6540182_indel   10  44.2038153 4.4457924
10_6608620_SNP     10  45.2254514 4.1820136
10_6849217_SNP     10  46.0851206 4.5960392
10_6968093_SNP     10  46.2997246 4.5960392
10_7213116_SNP     10  47.1698723 4.6688135
10_7462982_SNP     10  48.0351301 4.9177385
10_7478172_SNP     10  48.2669376 4.6829419
10_7591072_SNP     10  49.2713690 3.3110415
10_7605843_indel   10  50.7223121 3.2405654
10_7770954_indel   10  52.7117465 3.1192972
10_7800452_SNP     10  54.1448857 2.9069201
10_7865192_SNP     10  55.2440590 2.9885615
10_8206247_SNP     10  56.3777119 2.8436158
10_8595206_SNP     10  57.4208188 2.6113941
10_8856482_SNP     10  58.2483906 2.5547181
10_8920667_indel   10  59.2568438 2.4324915
10_9375593_SNP     10  60.0598440 2.3413052
10_9577930_indel   10  60.8743461 2.2407134
10_9860336_indel   10  61.8893552 2.1113154
10_10237912_SNP    10  62.7750207 2.7245027
10_10899170_SNP    10  63.6182024 2.4204642
10_11824744_SNP    10  64.4478223 2.3978538
10_12624151_SNP    10  65.2683047 2.3403918
10_14147010_indel  10  66.1020990 2.5810632
10_15907892_SNP    10  67.0560462 2.4835395
10_16971949_SNP    10  67.8666690 2.4739523
10_19544448_SNP    10  68.7864372 2.4219379
10_47766289_indel  10  69.6848226 2.3238968
10_48223329_indel  10  70.5032781 2.2692047
10_48939170_indel  10  71.8547085 2.4344981
10_49739345_indel  10  72.7097363 2.0679061
10_50555781_SNP    10  73.6467033 1.8761526
10_51301082_SNP    10  74.4742272 1.5216144
10_51917685_SNP    10  75.5034373 1.5293474
10_51933395_SNP    10  75.7187362 1.8632296
10_52241482_SNP    10  76.3729095 1.6365299
10_52317833_indel  10  77.2028348 1.6773774
10_52520368_SNP    10  78.0882097 1.1862831
10_52680008_SNP    10  78.9557152 0.9477592
10_52823689_indel  10  79.7698282 0.6488514
10_53128984_SNP    10  80.6562311 0.6974683
10_53453184_SNP    10  81.4650646 0.7661087
10_53797102_SNP    10  82.3295025 0.7565474
10_54037329_indel  10  83.2608933 0.6622193
10_54111672_SNP    10  84.1749009 0.6411370
10_54162411_SNP    10  85.2295521 0.7727757
10_54266322_SNP    10  86.2171958 0.8016286
10_54402947_SNP    10  87.2426260 1.1114039
10_54505906_indel  10  88.0893947 1.0785073
10_54908441_indel  10  88.9582783 1.0193405
10_55212116_SNP    10  89.8665233 1.3168727
10_55293417_SNP    10  90.9727618 1.5405606
10_55424383_SNP    10  92.6653039 1.4054590
10_55477029_SNP    10  93.5745163 1.3715580
10_55504795_SNP    10  95.2269907 1.3067237
10_55590204_indel  10  96.1728683 1.2285128
10_55715123_SNP    10  97.1320310 1.3004260
10_55818842_SNP    10  97.9601177 0.6437697
10_55920461_SNP    10  98.8053485 0.6925220
10_56014668_SNP    10 100.0292389 0.6764980
10_56135735_SNP    10 101.2047369 0.5952796
10_56271730_SNP    10 102.2085068 0.5901364
10_56450978_SNP    10 103.1303701 0.7090038
10_56642219_SNP    10 103.9643962 0.5232525
10_56784773_indel  10 104.8207021 0.5232525
10_56937372_indel  10 105.7641668 0.5232525
10_56937398_SNP    10 106.6001662 0.5232525
10_57032376_SNP    10 107.5579186 0.6132537
10_57122591_SNP    10 108.6408681 0.5449176
10_57281685_indel  10 109.4990024 0.5272835
10_57448231_SNP    10 110.6034343 0.9052188
10_57600325_SNP    10 111.5443157 0.4304854
10_57663744_indel  10 112.5536159 0.3516886
10_57840759_SNP    10 113.3942928 0.3067950
10_57962821_indel  10 114.5906972 0.4329170
10_58081628_SNP    10 115.4050588 0.4516087
10_58288752_SNP    10 116.5146110 0.4479965
10_58378203_indel  10 118.0346580 0.2991991
10_58555772_SNP    10 119.0100563 0.2769806
10_58720828_indel  10 119.9104803 0.2731918
10_59086390_SNP    10 120.9313250 0.2745132
10_59326382_SNP    10 122.0536273 0.2941275
10_59662724_indel  10 123.2427897 0.2929119
10_59746209_SNP    10 124.1826640 0.1195741
10_59831314_SNP    10 125.0839461 0.1426209
10_60054680_indel  10 126.1081170 0.1426209
10_60160441_SNP    10 127.1909130 0.2064020
10_60233952_SNP    10 128.1505502 0.2619917
10_60288475_SNP    10 128.9931754 0.2468100
10_60383548_SNP    10 130.1100476 0.2251491
10_60566557_SNP    10 131.2480348 0.1214659
10_60805294_SNP    10 132.9405296 0.3229962
10_60995346_SNP    10 133.9984479 0.2735048
10_61153381_SNP    10 135.0722147 0.2755525

