$`10@9.7`
                  chr         pos         lod
10_47200_SNP       10   0.2191863 0.814126405
10_594536_SNP      10   1.0247762 0.845605852
10_790567_SNP      10   2.1945863 1.142071517
10_1145111_SNP     10   3.3470441 1.556254035
10_1226278_SNP     10   4.3857027 1.923004487
10_1312449_indel   10   5.6286834 2.805558653
10_1552816_SNP     10   6.4489449 2.988332800
10_1674278_SNP     10   7.2736948 3.177588874
10_1769194_SNP     10   8.1189316 3.226050753
10_1865539_SNP     10   8.9836808 4.126414181
10_2003120_SNP     10   9.6604699 4.150052684
10_2029603_SNP     10   9.8808643 4.115021491
10_2239990_SNP     10  11.0910983 2.835469619
10_2256759_indel   10  11.9656355 2.856500070
10_2291876_SNP     10  13.3097240 3.045173756
10_2342917_SNP     10  14.2210039 2.898300708
10_2443743_SNP     10  15.2236201 2.856686092
10_2503103_SNP     10  16.3640202 2.587432135
10_2567493_SNP     10  17.3953041 2.576217954
10_2674120_indel   10  18.8476408 1.767784786
10_2779866_SNP     10  19.7505478 1.675769645
10_3006777_SNP     10  20.7382908 1.439255573
10_3320221_indel   10  21.8529677 1.777098498
10_3455212_indel   10  22.9074169 1.722433506
10_3566551_indel   10  23.9432494 1.638021753
10_3628687_indel   10  24.8534661 1.701771377
10_3663606_indel   10  26.0990743 1.513368448
10_3848790_SNP     10  27.3450615 1.671960472
10_4093608_SNP     10  28.3908662 1.668300302
10_4274949_SNP     10  29.4622687 1.625843487
10_4471639_SNP     10  30.2787808 1.446951577
10_4611354_SNP     10  31.1863116 1.558826738
10_4709177_SNP     10  32.8978663 1.442806751
10_4990537_SNP     10  34.1026263 1.149648349
10_5061840_SNP     10  35.0712593 1.187835920
10_5125666_indel   10  35.9501492 1.660182773
10_5267950_SNP     10  36.8487913 1.767330937
10_5551100_SNP     10  38.4079812 2.785244288
10_5630305_SNP     10  38.8187219 2.874342014
10_5718670_SNP     10  39.1510865 3.253607211
10_5777799_indel   10  39.4007780 3.614954603
10_5958042_indel   10  40.4125029 3.520604787
10_6305244_SNP     10  41.4975018 3.016452408
10_6375702_SNP     10  42.4247701 2.826997334
10_6503777_SNP     10  43.2794217 2.821457231
10_6540182_indel   10  44.2038153 2.848134906
10_6608620_SNP     10  45.2254514 2.749045795
10_6849217_SNP     10  46.0851206 2.568373637
10_6968093_SNP     10  46.2997246 2.568373637
10_7213116_SNP     10  47.1698723 2.570297057
10_7462982_SNP     10  48.0351301 2.935840476
10_7478172_SNP     10  48.2669376 2.884502641
10_7591072_SNP     10  49.2713690 2.063814166
10_7605843_indel   10  50.7223121 2.077069858
10_7770954_indel   10  52.7117465 2.150249884
10_7800452_SNP     10  54.1448857 2.177369526
10_7865192_SNP     10  55.2440590 2.274926693
10_8206247_SNP     10  56.3777119 1.927454150
10_8595206_SNP     10  57.4208188 1.362539323
10_8856482_SNP     10  58.2483906 1.461261159
10_8920667_indel   10  59.2568438 1.547957207
10_9375593_SNP     10  60.0598440 1.588187734
10_9577930_indel   10  60.8743461 1.635032786
10_9860336_indel   10  61.8893552 1.069167720
10_10237912_SNP    10  62.7750207 1.345595629
10_10899170_SNP    10  63.6182024 0.849745790
10_11824744_SNP    10  64.4478223 0.828744195
10_12624151_SNP    10  65.2683047 0.807827992
10_14147010_indel  10  66.1020990 0.530568186
10_15907892_SNP    10  67.0560462 0.507404343
10_16971949_SNP    10  67.8666690 0.493232042
10_19544448_SNP    10  68.7864372 0.467548149
10_47766289_indel  10  69.6848226 0.348823429
10_48223329_indel  10  70.5032781 0.519590400
10_48939170_indel  10  71.8547085 0.875245776
10_49739345_indel  10  72.7097363 1.219778721
10_50555781_SNP    10  73.6467033 1.578461152
10_51301082_SNP    10  74.4742272 1.198589404
10_51917685_SNP    10  75.5034373 1.195559752
10_51933395_SNP    10  75.7187362 1.339812483
10_52241482_SNP    10  76.3729095 1.422433911
10_52317833_indel  10  77.2028348 1.373723615
10_52520368_SNP    10  78.0882097 0.951644658
10_52680008_SNP    10  78.9557152 0.623127231
10_52823689_indel  10  79.7698282 0.366107992
10_53128984_SNP    10  80.6562311 0.339596015
10_53453184_SNP    10  81.4650646 0.165761084
10_53797102_SNP    10  82.3295025 0.167038334
10_54037329_indel  10  83.2608933 0.131043209
10_54111672_SNP    10  84.1749009 0.127650051
10_54162411_SNP    10  85.2295521 0.183821876
10_54266322_SNP    10  86.2171958 0.256041672
10_54402947_SNP    10  87.2426260 0.272398643
10_54505906_indel  10  88.0893947 0.411085607
10_54908441_indel  10  88.9582783 0.520791260
10_55212116_SNP    10  89.8665233 0.417424123
10_55293417_SNP    10  90.9727618 0.522004516
10_55424383_SNP    10  92.6653039 0.479761358
10_55477029_SNP    10  93.5745163 0.375600529
10_55504795_SNP    10  95.2269907 0.274127143
10_55590204_indel  10  96.1728683 0.180151956
10_55715123_SNP    10  97.1320310 0.241033405
10_55818842_SNP    10  97.9601177 0.064909420
10_55920461_SNP    10  98.8053485 0.003750717
10_56014668_SNP    10 100.0292389 0.002504980
10_56135735_SNP    10 101.2047369 0.002520901
10_56271730_SNP    10 102.2085068 0.002850037
10_56450978_SNP    10 103.1303701 0.007622867
10_56642219_SNP    10 103.9643962 0.023448976
10_56784773_indel  10 104.8207021 0.023448976
10_56937372_indel  10 105.7641668 0.024302591
10_56937398_SNP    10 106.6001662 0.024302591
10_57032376_SNP    10 107.5579186 0.002045228
10_57122591_SNP    10 108.6408681 0.002284363
10_57281685_indel  10 109.4990024 0.002736020
10_57448231_SNP    10 110.6034343 0.008700022
10_57600325_SNP    10 111.5443157 0.017711468
10_57663744_indel  10 112.5536159 0.040565273
10_57840759_SNP    10 113.3942928 0.008466589
10_57962821_indel  10 114.5906972 0.005178562
10_58081628_SNP    10 115.4050588 0.008590835
10_58288752_SNP    10 116.5146110 0.004947746
10_58378203_indel  10 118.0346580 0.018003252
10_58555772_SNP    10 119.0100563 0.033084025
10_58720828_indel  10 119.9104803 0.031176289
10_59086390_SNP    10 120.9313250 0.024141745
10_59326382_SNP    10 122.0536273 0.020803556
10_59662724_indel  10 123.2427897 0.025244337
10_59746209_SNP    10 124.1826640 0.100152732
10_59831314_SNP    10 125.0839461 0.097794823
10_60054680_indel  10 126.1081170 0.100460418
10_60160441_SNP    10 127.1909130 0.115097897
10_60233952_SNP    10 128.1505502 0.143825420
10_60288475_SNP    10 128.9931754 0.153315345
10_60383548_SNP    10 130.1100476 0.226791617
10_60566557_SNP    10 131.2480348 0.505012127
10_60805294_SNP    10 132.9405296 0.485895679
10_60995346_SNP    10 133.9984479 0.543190923
10_61153381_SNP    10 135.0722147 0.589364549

