$`4@115.6`
                 chr         pos         lod
4_86750_SNP        4   0.0000000 0.276414854
4_250258_indel     4   0.9010534 0.155662417
4_453323_indel     4   1.7272005 0.179737641
4_774112_SNP       4   2.6962642 0.188014258
4_869419_SNP       4   3.5034669 0.376826590
4_1000979_SNP      4   4.3892644 0.372107128
4_1162816_SNP      4   5.6056404 0.345951797
4_1248675_indel    4   6.4973240 0.226622454
4_1484380_indel    4   7.6407711 0.244519131
4_1911991_SNP      4   9.0229812 0.265817832
4_1971639_SNP      4   9.8250490 0.360837383
4_2011598_SNP      4  11.4339593 0.635325980
4_2297294_indel    4  12.4239182 0.853147104
4_2448205_SNP      4  13.3491255 0.514090442
4_2781098_SNP      4  14.4071091 0.639762219
4_2905638_SNP      4  15.7508072 0.525203751
4_3215890_SNP      4  17.5309340 0.293738310
4_3380971_SNP      4  19.2941261 0.363941629
4_3505130_indel    4  20.8492675 0.313252778
4_3571112_SNP      4  22.1397065 0.245723571
4_3856203_SNP      4  23.3838546 0.163378493
4_4108963_SNP      4  24.4907674 0.107788037
4_4213107_SNP      4  25.3141999 0.106496510
4_4288435_SNP      4  26.4788566 0.122110915
4_4520983_SNP      4  28.2726968 0.165375518
4_4567300_indel    4  29.1165005 0.146907704
4_4631748_indel    4  29.9915138 0.159474271
4_4729139_indel    4  31.1114674 0.046843269
4_4905104_indel    4  32.1497350 0.023694281
4_5089207_SNP      4  33.1535164 0.020667666
4_5190509_SNP      4  34.1151046 0.027879935
4_5349138_indel    4  35.1941471 0.048344867
4_5426773_indel    4  36.1099457 0.059186874
4_5572177_SNP      4  37.0074811 0.072462224
4_5840694_indel    4  37.8573105 0.049070041
4_6017776_SNP      4  38.9399300 0.051978659
4_6417903_SNP      4  40.6479515 0.262555291
4_6677094_SNP      4  41.4625464 0.244100195
4_6908227_SNP      4  42.8111535 0.333508063
4_7179009_SNP      4  43.9737402 0.439529483
4_7264484_SNP      4  44.7991293 0.364335872
4_7548747_SNP      4  45.6193824 0.316358711
4_7843776_SNP      4  46.4317334 0.162974827
4_8009884_SNP      4  47.6377732 0.179989442
4_8253493_SNP      4  48.5852272 0.183257813
4_8442832_SNP      4  50.1629727 0.208045641
4_8468936_indel    4  51.0867571 0.212442939
4_8602912_SNP      4  52.7181431 0.149638179
4_8867669_indel    4  54.2201618 0.004719943
4_9110689_SNP      4  55.7633687 0.001519549
4_9491923_SNP      4  56.7096905 0.001248176
4_9906320_SNP      4  57.7700648 0.001081741
4_10311589_indel   4  58.7908568 0.006071074
4_11408726_indel   4  59.8573673 0.033656226
4_12228676_indel   4  60.8750475 0.021121200
4_13591587_SNP     4  61.9340817 0.066203401
4_46852324_indel   4  63.0615934 0.085343519
4_48614322_SNP     4  63.9463722 0.139458133
4_49481297_SNP     4  64.8498118 0.331511384
4_50253134_indel   4  65.8078473 0.388858265
4_50666147_SNP     4  67.0563958 0.400429576
4_51212119_SNP     4  68.4778745 0.284134437
4_51335553_SNP     4  69.6930494 0.271305380
4_51424903_indel   4  70.6453252 0.251784974
4_51490709_SNP     4  71.5950940 0.279086752
4_51652701_SNP     4  72.4758662 0.274582687
4_51925155_SNP     4  73.5189981 0.318965338
4_54209068_indel   4  82.3733047 0.622119178
4_54397210_SNP     4  83.3657768 0.659116725
4_54801117_indel   4  84.3783283 1.042412657
4_55312647_SNP     4  85.3026612 0.863754768
4_55625524_SNP     4  86.3965658 0.808430896
4_55841452_SNP     4  87.3722383 0.560146411
4_56103796_indel   4  88.3129310 0.892520318
4_56727509_SNP     4  89.2355893 0.314868170
4_57040582_SNP     4  90.6120448 0.408901730
4_57114887_SNP     4  91.5042818 0.623860236
4_57484208_SNP     4  92.3081833 0.539464204
4_57641039_SNP     4  93.2182231 0.549443803
4_57913281_SNP     4  94.0699056 0.567392930
4_58138247_SNP     4  94.9368660 0.567392930
4_58385817_SNP     4  95.9496751 0.604008056
4_58649860_SNP     4  96.7774182 0.592418573
4_59085327_SNP     4  97.8287937 0.563481068
4_59432869_SNP     4  99.0018818 0.574674621
4_59499463_SNP     4  99.8835780 0.763099993
4_59578963_SNP     4 100.7519568 0.758224873
4_59714027_SNP     4 101.6215550 0.798693058
4_60098883_indel   4 102.4962074 0.788172316
4_60264623_indel   4 103.3302928 1.021845755
4_60662228_SNP     4 104.2078736 1.002278803
4_60890566_SNP     4 105.0422690 1.470654168
4_61132126_SNP     4 106.1613281 1.901693392
4_61400733_SNP     4 107.0574459 1.882168431
4_61602757_SNP     4 107.9872511 2.583695647
4_61809702_indel   4 108.7878739 2.616743427
4_62066670_SNP     4 109.7731368 2.594448638
4_62222789_SNP     4 110.6239330 2.992989809
4_62348827_SNP     4 111.4513335 3.208987736
4_62448585_indel   4 112.3630268 3.543424362
4_62452179_indel   4 112.7435323 3.553130346
4_62599717_SNP     4 113.8778271 3.707798587
4_62694340_indel   4 114.7871722 3.724385234
4_62834413_SNP     4 115.5520040 3.756531016
4_62889512_SNP     4 115.8517902 3.300050725
4_62906270_SNP     4 115.9668936 3.300050725
4_62982569_SNP     4 116.7363125 3.062712099
4_63232891_indel   4 117.7419735 2.475506824
4_63395714_SNP     4 118.6698948 2.247501918
4_63524531_SNP     4 119.5241019 1.921275853
4_63749683_SNP     4 120.7971689 1.656630792
4_63849561_SNP     4 121.6733554 1.504243803
4_63907675_SNP     4 122.5127516 1.425814992
4_64002820_indel   4 123.5056688 1.373357933
4_64090182_SNP     4 124.6525916 1.367352297
4_64339833_SNP     4 125.5122809 1.385138113
4_64425951_SNP     4 126.3434913 0.746701652
4_64542954_indel   4 127.2326589 0.444547547
4_64634747_SNP     4 128.0334672 0.612919485
4_64740215_SNP     4 128.8603776 0.693565564
4_65129253_SNP     4 129.9736430 0.648172887
4_65303115_SNP     4 131.0692928 0.603706871
4_65408187_indel   4 131.9225993 0.603706871
4_65555695_SNP     4 132.9383357 0.560732832
4_65673301_indel   4 133.9763576 0.532564661
4_65878351_indel   4 134.8711597 0.495940028
4_66178825_SNP     4 135.9249562 0.367756768
4_66294205_SNP     4 136.7634172 0.289939331
4_66447927_indel   4 137.8644203 0.288837248
4_66623395_SNP     4 138.6705966 0.375673128
4_67061663_indel   4 139.7776114 0.237239871
4_67248453_SNP     4 140.7957038 0.181986896
4_67545811_SNP     4 141.9005822 0.191867907
4_67796392_SNP     4 142.7999723 0.202493672
4_68134966_SNP     4 143.7638495 0.202493672
4_68263635_SNP     4 144.5705466 0.201915721

