$`10@48.0`
                  chr         pos        lod
10_47200_SNP       10   0.2191863 0.55155904
10_594536_SNP      10   1.0247762 0.58172042
10_790567_SNP      10   2.1945863 0.80663271
10_1145111_SNP     10   3.3470441 1.08010923
10_1226278_SNP     10   4.3857027 1.45954999
10_1312449_indel   10   5.6286834 1.88263855
10_1552816_SNP     10   6.4489449 2.14337080
10_1674278_SNP     10   7.2736948 2.10806515
10_1769194_SNP     10   8.1189316 2.10918553
10_1865539_SNP     10   8.9836808 2.49647061
10_2003120_SNP     10   9.6604699 2.57702408
10_2029603_SNP     10   9.8808643 2.60819704
10_2239990_SNP     10  11.0910983 1.95620082
10_2256759_indel   10  11.9656355 1.95492267
10_2291876_SNP     10  13.3097240 2.20888688
10_2342917_SNP     10  14.2210039 1.84056695
10_2443743_SNP     10  15.2236201 1.93992415
10_2503103_SNP     10  16.3640202 1.47680590
10_2567493_SNP     10  17.3953041 1.52898669
10_2674120_indel   10  18.8476408 1.20989687
10_2779866_SNP     10  19.7505478 1.22494111
10_3006777_SNP     10  20.7382908 1.04653505
10_3320221_indel   10  21.8529677 2.01118101
10_3455212_indel   10  22.9074169 1.68875307
10_3566551_indel   10  23.9432494 1.74263342
10_3628687_indel   10  24.8534661 1.78117627
10_3663606_indel   10  26.0990743 1.51863496
10_3848790_SNP     10  27.3450615 2.09083928
10_4093608_SNP     10  28.3908662 2.09858707
10_4274949_SNP     10  29.4622687 2.07003036
10_4471639_SNP     10  30.2787808 1.52717313
10_4611354_SNP     10  31.1863116 1.69956027
10_4709177_SNP     10  32.8978663 1.70952804
10_4990537_SNP     10  34.1026263 2.44211232
10_5061840_SNP     10  35.0712593 2.55664193
10_5125666_indel   10  35.9501492 3.05194651
10_5267950_SNP     10  36.8487913 3.16482598
10_5551100_SNP     10  38.4079812 5.94315801
10_5630305_SNP     10  38.8187219 6.15112972
10_5718670_SNP     10  39.1510865 5.68794432
10_5777799_indel   10  39.4007780 6.16670393
10_5958042_indel   10  40.4125029 6.12576035
10_6305244_SNP     10  41.4975018 5.33766535
10_6375702_SNP     10  42.4247701 5.12529269
10_6503777_SNP     10  43.2794217 5.09130545
10_6540182_indel   10  44.2038153 5.28165675
10_6608620_SNP     10  45.2254514 5.59570639
10_6849217_SNP     10  46.0851206 6.03655688
10_6968093_SNP     10  46.2997246 6.03655688
10_7213116_SNP     10  47.1698723 6.14510837
10_7462982_SNP     10  48.0351301 6.72359136
10_7478172_SNP     10  48.2669376 6.49020659
10_7591072_SNP     10  49.2713690 5.20247440
10_7605843_indel   10  50.7223121 5.24504659
10_7770954_indel   10  52.7117465 5.44439731
10_7800452_SNP     10  54.1448857 5.10701627
10_7865192_SNP     10  55.2440590 5.34758387
10_8206247_SNP     10  56.3777119 4.56507171
10_8595206_SNP     10  57.4208188 4.41417399
10_8856482_SNP     10  58.2483906 4.29601988
10_8920667_indel   10  59.2568438 4.19811840
10_9375593_SNP     10  60.0598440 4.12738812
10_9577930_indel   10  60.8743461 4.04665122
10_9860336_indel   10  61.8893552 3.87584070
10_10237912_SNP    10  62.7750207 4.52694421
10_10899170_SNP    10  63.6182024 4.07485843
10_11824744_SNP    10  64.4478223 4.08356755
10_12624151_SNP    10  65.2683047 4.05941491
10_14147010_indel  10  66.1020990 3.96683393
10_15907892_SNP    10  67.0560462 3.92326772
10_16971949_SNP    10  67.8666690 3.87863582
10_19544448_SNP    10  68.7864372 4.00105392
10_47766289_indel  10  69.6848226 4.05506809
10_48223329_indel  10  70.5032781 4.33865464
10_48939170_indel  10  71.8547085 4.68793310
10_49739345_indel  10  72.7097363 4.14674559
10_50555781_SNP    10  73.6467033 4.30132694
10_51301082_SNP    10  74.4742272 3.78091262
10_51917685_SNP    10  75.5034373 3.78015591
10_51933395_SNP    10  75.7187362 4.32176410
10_52241482_SNP    10  76.3729095 3.94117876
10_52317833_indel  10  77.2028348 3.87223798
10_52520368_SNP    10  78.0882097 3.11375113
10_52680008_SNP    10  78.9557152 2.37168267
10_52823689_indel  10  79.7698282 1.94120071
10_53128984_SNP    10  80.6562311 1.97833439
10_53453184_SNP    10  81.4650646 1.69591020
10_53797102_SNP    10  82.3295025 1.59934436
10_54037329_indel  10  83.2608933 1.40391204
10_54111672_SNP    10  84.1749009 1.26952283
10_54162411_SNP    10  85.2295521 1.29561453
10_54266322_SNP    10  86.2171958 1.43616082
10_54402947_SNP    10  87.2426260 1.88683271
10_54505906_indel  10  88.0893947 2.04570719
10_54908441_indel  10  88.9582783 1.92207194
10_55212116_SNP    10  89.8665233 1.86766701
10_55293417_SNP    10  90.9727618 1.99996375
10_55424383_SNP    10  92.6653039 1.35796752
10_55477029_SNP    10  93.5745163 1.23434218
10_55504795_SNP    10  95.2269907 1.17861280
10_55590204_indel  10  96.1728683 1.12158094
10_55715123_SNP    10  97.1320310 1.30844342
10_55818842_SNP    10  97.9601177 0.86519030
10_55920461_SNP    10  98.8053485 0.68457993
10_56014668_SNP    10 100.0292389 0.68367975
10_56135735_SNP    10 101.2047369 0.63760028
10_56271730_SNP    10 102.2085068 0.63736795
10_56450978_SNP    10 103.1303701 0.73497223
10_56642219_SNP    10 103.9643962 0.46299357
10_56784773_indel  10 104.8207021 0.46299357
10_56937372_indel  10 105.7641668 0.46299357
10_56937398_SNP    10 106.6001662 0.46299357
10_57032376_SNP    10 107.5579186 0.52384315
10_57122591_SNP    10 108.6408681 0.34219851
10_57281685_indel  10 109.4990024 0.35919288
10_57448231_SNP    10 110.6034343 0.73272213
10_57600325_SNP    10 111.5443157 0.23944751
10_57663744_indel  10 112.5536159 0.18813523
10_57840759_SNP    10 113.3942928 0.17271896
10_57962821_indel  10 114.5906972 0.26121513
10_58081628_SNP    10 115.4050588 0.26038723
10_58288752_SNP    10 116.5146110 0.29342333
10_58378203_indel  10 118.0346580 0.20526592
10_58555772_SNP    10 119.0100563 0.23113036
10_58720828_indel  10 119.9104803 0.26761411
10_59086390_SNP    10 120.9313250 0.24729352
10_59326382_SNP    10 122.0536273 0.26201042
10_59662724_indel  10 123.2427897 0.26751753
10_59746209_SNP    10 124.1826640 0.11317023
10_59831314_SNP    10 125.0839461 0.08350820
10_60054680_indel  10 126.1081170 0.08350820
10_60160441_SNP    10 127.1909130 0.17270718
10_60233952_SNP    10 128.1505502 0.15945776
10_60288475_SNP    10 128.9931754 0.14387993
10_60383548_SNP    10 130.1100476 0.19326444
10_60566557_SNP    10 131.2480348 0.02854966
10_60805294_SNP    10 132.9405296 0.17265797
10_60995346_SNP    10 133.9984479 0.11452209
10_61153381_SNP    10 135.0722147 0.11134769

