$`4@112.4`
                 chr         pos         lod
4_86750_SNP        4   0.0000000 0.005153761
4_250258_indel     4   0.9010534 0.006146351
4_453323_indel     4   1.7272005 0.004196703
4_774112_SNP       4   2.6962642 0.017142887
4_869419_SNP       4   3.5034669 0.005144535
4_1000979_SNP      4   4.3892644 0.005133475
4_1162816_SNP      4   5.6056404 0.027832072
4_1248675_indel    4   6.4973240 0.031846442
4_1484380_indel    4   7.6407711 0.012388363
4_1911991_SNP      4   9.0229812 0.001332524
4_1971639_SNP      4   9.8250490 0.020586540
4_2011598_SNP      4  11.4339593 0.015128669
4_2297294_indel    4  12.4239182 0.025005947
4_2448205_SNP      4  13.3491255 0.002348375
4_2781098_SNP      4  14.4071091 0.029429927
4_2905638_SNP      4  15.7508072 0.054079867
4_3215890_SNP      4  17.5309340 0.025387949
4_3380971_SNP      4  19.2941261 0.029718694
4_3505130_indel    4  20.8492675 0.020786045
4_3571112_SNP      4  22.1397065 0.051113035
4_3856203_SNP      4  23.3838546 0.099672708
4_4108963_SNP      4  24.4907674 0.142643240
4_4213107_SNP      4  25.3141999 0.128627959
4_4288435_SNP      4  26.4788566 0.116404129
4_4520983_SNP      4  28.2726968 0.096217097
4_4567300_indel    4  29.1165005 0.135939987
4_4631748_indel    4  29.9915138 0.118046597
4_4729139_indel    4  31.1114674 0.290135089
4_4905104_indel    4  32.1497350 0.235779978
4_5089207_SNP      4  33.1535164 0.187277759
4_5190509_SNP      4  34.1151046 0.238220685
4_5349138_indel    4  35.1941471 0.181720957
4_5426773_indel    4  36.1099457 0.155459448
4_5572177_SNP      4  37.0074811 0.120838529
4_5840694_indel    4  37.8573105 0.139834951
4_6017776_SNP      4  38.9399300 0.042889297
4_6417903_SNP      4  40.6479515 0.135951735
4_6677094_SNP      4  41.4625464 0.134693510
4_6908227_SNP      4  42.8111535 0.075640888
4_7179009_SNP      4  43.9737402 0.084662741
4_7264484_SNP      4  44.7991293 0.062979816
4_7548747_SNP      4  45.6193824 0.059916821
4_7843776_SNP      4  46.4317334 0.054809421
4_8009884_SNP      4  47.6377732 0.036930632
4_8253493_SNP      4  48.5852272 0.029207109
4_8442832_SNP      4  50.1629727 0.047372161
4_8468936_indel    4  51.0867571 0.045952928
4_8602912_SNP      4  52.7181431 0.046730451
4_8867669_indel    4  54.2201618 0.360842723
4_9110689_SNP      4  55.7633687 0.256887569
4_9491923_SNP      4  56.7096905 0.245896003
4_9906320_SNP      4  57.7700648 0.302477935
4_10311589_indel   4  58.7908568 0.396150530
4_11408726_indel   4  59.8573673 0.539394056
4_12228676_indel   4  60.8750475 0.571001357
4_13591587_SNP     4  61.9340817 0.650698694
4_46852324_indel   4  63.0615934 0.586778635
4_48614322_SNP     4  63.9463722 0.828168635
4_49481297_SNP     4  64.8498118 1.151925962
4_50253134_indel   4  65.8078473 1.147296793
4_50666147_SNP     4  67.0563958 1.139232648
4_51212119_SNP     4  68.4778745 0.960652553
4_51335553_SNP     4  69.6930494 0.983374369
4_51424903_indel   4  70.6453252 1.288343924
4_51490709_SNP     4  71.5950940 1.368222867
4_51652701_SNP     4  72.4758662 1.359512914
4_51925155_SNP     4  73.5189981 1.501729252
4_54209068_indel   4  82.3733047 1.453340094
4_54397210_SNP     4  83.3657768 1.586424657
4_54801117_indel   4  84.3783283 2.319075139
4_55312647_SNP     4  85.3026612 2.053055715
4_55625524_SNP     4  86.3965658 2.342925003
4_55841452_SNP     4  87.3722383 2.252826790
4_56103796_indel   4  88.3129310 2.761543244
4_56727509_SNP     4  89.2355893 1.549729813
4_57040582_SNP     4  90.6120448 2.205740593
4_57114887_SNP     4  91.5042818 3.112490609
4_57484208_SNP     4  92.3081833 3.450408865
4_57641039_SNP     4  93.2182231 3.653439164
4_57913281_SNP     4  94.0699056 3.630436031
4_58138247_SNP     4  94.9368660 3.630436031
4_58385817_SNP     4  95.9496751 3.664841098
4_58649860_SNP     4  96.7774182 3.656332578
4_59085327_SNP     4  97.8287937 3.685072732
4_59432869_SNP     4  99.0018818 3.649741673
4_59499463_SNP     4  99.8835780 3.000086579
4_59578963_SNP     4 100.7519568 3.000996068
4_59714027_SNP     4 101.6215550 3.027278413
4_60098883_indel   4 102.4962074 2.888063321
4_60264623_indel   4 103.3302928 3.011855678
4_60662228_SNP     4 104.2078736 2.878502496
4_60890566_SNP     4 105.0422690 2.670122696
4_61132126_SNP     4 106.1613281 2.575622220
4_61400733_SNP     4 107.0574459 2.705197226
4_61602757_SNP     4 107.9872511 3.638645039
4_61809702_indel   4 108.7878739 3.596290279
4_62066670_SNP     4 109.7731368 3.579794646
4_62222789_SNP     4 110.6239330 4.420672119
4_62348827_SNP     4 111.4513335 4.888289761
4_62448585_indel   4 112.3630268 5.558646291
4_62452179_indel   4 112.7435323 5.399608947
4_62599717_SNP     4 113.8778271 5.004306878
4_62694340_indel   4 114.7871722 5.078436867
4_62834413_SNP     4 115.5520040 5.063994874
4_62889512_SNP     4 115.8517902 4.386568285
4_62906270_SNP     4 115.9668936 4.386568285
4_62982569_SNP     4 116.7363125 4.460169476
4_63232891_indel   4 117.7419735 3.924938080
4_63395714_SNP     4 118.6698948 3.549691472
4_63524531_SNP     4 119.5241019 3.081988750
4_63749683_SNP     4 120.7971689 2.426050419
4_63849561_SNP     4 121.6733554 2.149281608
4_63907675_SNP     4 122.5127516 1.866694809
4_64002820_indel   4 123.5056688 1.688301720
4_64090182_SNP     4 124.6525916 1.370988170
4_64339833_SNP     4 125.5122809 1.368855843
4_64425951_SNP     4 126.3434913 0.536589425
4_64542954_indel   4 127.2326589 0.285090422
4_64634747_SNP     4 128.0334672 0.317320326
4_64740215_SNP     4 128.8603776 0.372670505
4_65129253_SNP     4 129.9736430 0.236184051
4_65303115_SNP     4 131.0692928 0.222940409
4_65408187_indel   4 131.9225993 0.218970965
4_65555695_SNP     4 132.9383357 0.200031624
4_65673301_indel   4 133.9763576 0.198032765
4_65878351_indel   4 134.8711597 0.162991609
4_66178825_SNP     4 135.9249562 0.158048556
4_66294205_SNP     4 136.7634172 0.175785540
4_66447927_indel   4 137.8644203 0.165357391
4_66623395_SNP     4 138.6705966 0.298754027
4_67061663_indel   4 139.7776114 0.249445655
4_67248453_SNP     4 140.7957038 0.226531808
4_67545811_SNP     4 141.9005822 0.255898038
4_67796392_SNP     4 142.7999723 0.294375817
4_68134966_SNP     4 143.7638495 0.293499704
4_68263635_SNP     4 144.5705466 0.269349207

$`10@9.7`
                  chr         pos         lod
10_47200_SNP       10   0.2191863 1.243826520
10_594536_SNP      10   1.0247762 1.288928671
10_790567_SNP      10   2.1945863 1.447681170
10_1145111_SNP     10   3.3470441 1.983759849
10_1226278_SNP     10   4.3857027 2.157494066
10_1312449_indel   10   5.6286834 2.923564405
10_1552816_SNP     10   6.4489449 3.096529357
10_1674278_SNP     10   7.2736948 3.514261651
10_1769194_SNP     10   8.1189316 3.454130285
10_1865539_SNP     10   8.9836808 4.400489912
10_2003120_SNP     10   9.6604699 4.551804731
10_2029603_SNP     10   9.8808643 4.360349728
10_2239990_SNP     10  11.0910983 3.437976662
10_2256759_indel   10  11.9656355 3.449915095
10_2291876_SNP     10  13.3097240 3.487879099
10_2342917_SNP     10  14.2210039 3.401987270
10_2443743_SNP     10  15.2236201 3.748299967
10_2503103_SNP     10  16.3640202 3.012062270
10_2567493_SNP     10  17.3953041 3.178415760
10_2674120_indel   10  18.8476408 2.100004003
10_2779866_SNP     10  19.7505478 2.036725928
10_3006777_SNP     10  20.7382908 1.639660507
10_3320221_indel   10  21.8529677 2.181199808
10_3455212_indel   10  22.9074169 2.023981162
10_3566551_indel   10  23.9432494 1.833824700
10_3628687_indel   10  24.8534661 1.952398788
10_3663606_indel   10  26.0990743 1.882407224
10_3848790_SNP     10  27.3450615 1.946203858
10_4093608_SNP     10  28.3908662 1.972864898
10_4274949_SNP     10  29.4622687 1.967118919
10_4471639_SNP     10  30.2787808 1.742422567
10_4611354_SNP     10  31.1863116 1.772790293
10_4709177_SNP     10  32.8978663 1.419843456
10_4990537_SNP     10  34.1026263 1.338195612
10_5061840_SNP     10  35.0712593 1.367560781
10_5125666_indel   10  35.9501492 1.925316337
10_5267950_SNP     10  36.8487913 2.010128984
10_5551100_SNP     10  38.4079812 2.961474136
10_5630305_SNP     10  38.8187219 2.607716710
10_5718670_SNP     10  39.1510865 3.022112425
10_5777799_indel   10  39.4007780 3.339368329
10_5958042_indel   10  40.4125029 3.334836344
10_6305244_SNP     10  41.4975018 3.087339648
10_6375702_SNP     10  42.4247701 3.146482077
10_6503777_SNP     10  43.2794217 3.147461113
10_6540182_indel   10  44.2038153 3.337002898
10_6608620_SNP     10  45.2254514 3.342242843
10_6849217_SNP     10  46.0851206 3.194734011
10_6968093_SNP     10  46.2997246 3.194734011
10_7213116_SNP     10  47.1698723 3.123911942
10_7462982_SNP     10  48.0351301 3.056529044
10_7478172_SNP     10  48.2669376 3.006326772
10_7591072_SNP     10  49.2713690 2.331432889
10_7605843_indel   10  50.7223121 2.314246524
10_7770954_indel   10  52.7117465 2.371740542
10_7800452_SNP     10  54.1448857 2.636698525
10_7865192_SNP     10  55.2440590 2.685619708
10_8206247_SNP     10  56.3777119 1.860319898
10_8595206_SNP     10  57.4208188 1.363761255
10_8856482_SNP     10  58.2483906 1.692392066
10_8920667_indel   10  59.2568438 1.843834574
10_9375593_SNP     10  60.0598440 1.935555099
10_9577930_indel   10  60.8743461 1.944819414
10_9860336_indel   10  61.8893552 1.260057176
10_10237912_SNP    10  62.7750207 1.421946147
10_10899170_SNP    10  63.6182024 0.919811516
10_11824744_SNP    10  64.4478223 0.898155785
10_12624151_SNP    10  65.2683047 0.828835861
10_14147010_indel  10  66.1020990 0.571763721
10_15907892_SNP    10  67.0560462 0.529836648
10_16971949_SNP    10  67.8666690 0.499532635
10_19544448_SNP    10  68.7864372 0.514386711
10_47766289_indel  10  69.6848226 0.427672218
10_48223329_indel  10  70.5032781 0.392464512
10_48939170_indel  10  71.8547085 0.500255459
10_49739345_indel  10  72.7097363 0.794222780
10_50555781_SNP    10  73.6467033 1.074556450
10_51301082_SNP    10  74.4742272 0.727600432
10_51917685_SNP    10  75.5034373 0.727600432
10_51933395_SNP    10  75.7187362 0.814457497
10_52241482_SNP    10  76.3729095 0.771280065
10_52317833_indel  10  77.2028348 0.705293554
10_52520368_SNP    10  78.0882097 0.447046373
10_52680008_SNP    10  78.9557152 0.132236645
10_52823689_indel  10  79.7698282 0.087838852
10_53128984_SNP    10  80.6562311 0.059177287
10_53453184_SNP    10  81.4650646 0.037942003
10_53797102_SNP    10  82.3295025 0.049573195
10_54037329_indel  10  83.2608933 0.054995985
10_54111672_SNP    10  84.1749009 0.056032437
10_54162411_SNP    10  85.2295521 0.118426805
10_54266322_SNP    10  86.2171958 0.217825254
10_54402947_SNP    10  87.2426260 0.405404090
10_54505906_indel  10  88.0893947 0.409983948
10_54908441_indel  10  88.9582783 0.337318181
10_55212116_SNP    10  89.8665233 0.196740528
10_55293417_SNP    10  90.9727618 0.361686989
10_55424383_SNP    10  92.6653039 0.304400651
10_55477029_SNP    10  93.5745163 0.273871666
10_55504795_SNP    10  95.2269907 0.218238934
10_55590204_indel  10  96.1728683 0.093604025
10_55715123_SNP    10  97.1320310 0.081441993
10_55818842_SNP    10  97.9601177 0.004653127
10_55920461_SNP    10  98.8053485 0.027648414
10_56014668_SNP    10 100.0292389 0.027642031
10_56135735_SNP    10 101.2047369 0.031668096
10_56271730_SNP    10 102.2085068 0.031794632
10_56450978_SNP    10 103.1303701 0.037928164
10_56642219_SNP    10 103.9643962 0.046086079
10_56784773_indel  10 104.8207021 0.046086079
10_56937372_indel  10 105.7641668 0.045700098
10_56937398_SNP    10 106.6001662 0.045700098
10_57032376_SNP    10 107.5579186 0.020966717
10_57122591_SNP    10 108.6408681 0.007748454
10_57281685_indel  10 109.4990024 0.007582083
10_57448231_SNP    10 110.6034343 0.007030201
10_57600325_SNP    10 111.5443157 0.019790240
10_57663744_indel  10 112.5536159 0.025217565
10_57840759_SNP    10 113.3942928 0.007633882
10_57962821_indel  10 114.5906972 0.006480738
10_58081628_SNP    10 115.4050588 0.012138566
10_58288752_SNP    10 116.5146110 0.013927767
10_58378203_indel  10 118.0346580 0.018842198
10_58555772_SNP    10 119.0100563 0.010940643
10_58720828_indel  10 119.9104803 0.013562352
10_59086390_SNP    10 120.9313250 0.021085331
10_59326382_SNP    10 122.0536273 0.016799673
10_59662724_indel  10 123.2427897 0.016872984
10_59746209_SNP    10 124.1826640 0.076048447
10_59831314_SNP    10 125.0839461 0.070185125
10_60054680_indel  10 126.1081170 0.068443838
10_60160441_SNP    10 127.1909130 0.127827782
10_60233952_SNP    10 128.1505502 0.101350857
10_60288475_SNP    10 128.9931754 0.107524900
10_60383548_SNP    10 130.1100476 0.258319207
10_60566557_SNP    10 131.2480348 0.562282917
10_60805294_SNP    10 132.9405296 0.360847943
10_60995346_SNP    10 133.9984479 0.379948456
10_61153381_SNP    10 135.0722147 0.399131658

