$`10@39.2`
                  chr         pos         lod
10_47200_SNP       10   0.2191863 0.066068658
10_594536_SNP      10   1.0247762 0.085514874
10_790567_SNP      10   2.1945863 0.250952021
10_1145111_SNP     10   3.3470441 0.419569243
10_1226278_SNP     10   4.3857027 0.720272079
10_1312449_indel   10   5.6286834 1.327973192
10_1552816_SNP     10   6.4489449 1.465321198
10_1674278_SNP     10   7.2736948 1.621571525
10_1769194_SNP     10   8.1189316 1.522198508
10_1865539_SNP     10   8.9836808 1.814070584
10_2003120_SNP     10   9.6604699 1.794350583
10_2029603_SNP     10   9.8808643 1.739182030
10_2239990_SNP     10  11.0910983 1.094539533
10_2256759_indel   10  11.9656355 1.124483045
10_2291876_SNP     10  13.3097240 1.255820910
10_2342917_SNP     10  14.2210039 1.199383880
10_2443743_SNP     10  15.2236201 1.176769304
10_2503103_SNP     10  16.3640202 0.863918190
10_2567493_SNP     10  17.3953041 0.921091279
10_2674120_indel   10  18.8476408 0.558680148
10_2779866_SNP     10  19.7505478 0.541091955
10_3006777_SNP     10  20.7382908 0.496252972
10_3320221_indel   10  21.8529677 1.024109732
10_3455212_indel   10  22.9074169 0.941584234
10_3566551_indel   10  23.9432494 0.992173797
10_3628687_indel   10  24.8534661 1.032792315
10_3663606_indel   10  26.0990743 0.982023490
10_3848790_SNP     10  27.3450615 1.222750597
10_4093608_SNP     10  28.3908662 1.205172052
10_4274949_SNP     10  29.4622687 1.211658480
10_4471639_SNP     10  30.2787808 0.961305362
10_4611354_SNP     10  31.1863116 1.073619441
10_4709177_SNP     10  32.8978663 0.965084211
10_4990537_SNP     10  34.1026263 1.623835279
10_5061840_SNP     10  35.0712593 1.686912209
10_5125666_indel   10  35.9501492 2.043612847
10_5267950_SNP     10  36.8487913 2.115263216
10_5551100_SNP     10  38.4079812 3.323807435
10_5630305_SNP     10  38.8187219 3.907994425
10_5718670_SNP     10  39.1510865 4.046522468
10_5777799_indel   10  39.4007780 3.992005192
10_5958042_indel   10  40.4125029 3.956515794
10_6305244_SNP     10  41.4975018 3.825140145
10_6375702_SNP     10  42.4247701 3.685067740
10_6503777_SNP     10  43.2794217 3.695094954
10_6540182_indel   10  44.2038153 3.725858195
10_6608620_SNP     10  45.2254514 3.622724913
10_6849217_SNP     10  46.0851206 3.737184260
10_6968093_SNP     10  46.2997246 3.737184260
10_7213116_SNP     10  47.1698723 3.665340973
10_7462982_SNP     10  48.0351301 3.807098433
10_7478172_SNP     10  48.2669376 3.743114800
10_7591072_SNP     10  49.2713690 2.474017198
10_7605843_indel   10  50.7223121 2.444271090
10_7770954_indel   10  52.7117465 2.503126678
10_7800452_SNP     10  54.1448857 2.621986107
10_7865192_SNP     10  55.2440590 2.733267181
10_8206247_SNP     10  56.3777119 2.267092189
10_8595206_SNP     10  57.4208188 1.684208472
10_8856482_SNP     10  58.2483906 1.480093514
10_8920667_indel   10  59.2568438 1.511665034
10_9375593_SNP     10  60.0598440 1.522727922
10_9577930_indel   10  60.8743461 1.537642808
10_9860336_indel   10  61.8893552 0.915806553
10_10237912_SNP    10  62.7750207 1.175247072
10_10899170_SNP    10  63.6182024 0.958529712
10_11824744_SNP    10  64.4478223 0.934293719
10_12624151_SNP    10  65.2683047 0.931476403
10_14147010_indel  10  66.1020990 0.782200090
10_15907892_SNP    10  67.0560462 0.765781980
10_16971949_SNP    10  67.8666690 0.745213292
10_19544448_SNP    10  68.7864372 0.708869897
10_47766289_indel  10  69.6848226 0.576145759
10_48223329_indel  10  70.5032781 0.611724432
10_48939170_indel  10  71.8547085 0.850059031
10_49739345_indel  10  72.7097363 0.929493849
10_50555781_SNP    10  73.6467033 1.092920520
10_51301082_SNP    10  74.4742272 0.943209726
10_51917685_SNP    10  75.5034373 0.943209726
10_51933395_SNP    10  75.7187362 1.282002909
10_52241482_SNP    10  76.3729095 1.189507186
10_52317833_indel  10  77.2028348 1.174470147
10_52520368_SNP    10  78.0882097 0.800656318
10_52680008_SNP    10  78.9557152 0.543854955
10_52823689_indel  10  79.7698282 0.298309427
10_53128984_SNP    10  80.6562311 0.279811739
10_53453184_SNP    10  81.4650646 0.144313406
10_53797102_SNP    10  82.3295025 0.149152681
10_54037329_indel  10  83.2608933 0.163771883
10_54111672_SNP    10  84.1749009 0.187791543
10_54162411_SNP    10  85.2295521 0.248956133
10_54266322_SNP    10  86.2171958 0.286779015
10_54402947_SNP    10  87.2426260 0.451003058
10_54505906_indel  10  88.0893947 0.525238659
10_54908441_indel  10  88.9582783 0.590352274
10_55212116_SNP    10  89.8665233 0.639675382
10_55293417_SNP    10  90.9727618 0.628822251
10_55424383_SNP    10  92.6653039 0.484746800
10_55477029_SNP    10  93.5745163 0.423741245
10_55504795_SNP    10  95.2269907 0.382740222
10_55590204_indel  10  96.1728683 0.351210550
10_55715123_SNP    10  97.1320310 0.353198360
10_55818842_SNP    10  97.9601177 0.234267747
10_55920461_SNP    10  98.8053485 0.126877772
10_56014668_SNP    10 100.0292389 0.104691517
10_56135735_SNP    10 101.2047369 0.072649707
10_56271730_SNP    10 102.2085068 0.065951049
10_56450978_SNP    10 103.1303701 0.047492203
10_56642219_SNP    10 103.9643962 0.005937333
10_56784773_indel  10 104.8207021 0.005937333
10_56937372_indel  10 105.7641668 0.006060006
10_56937398_SNP    10 106.6001662 0.006060006
10_57032376_SNP    10 107.5579186 0.007192583
10_57122591_SNP    10 108.6408681 0.078324654
10_57281685_indel  10 109.4990024 0.075016351
10_57448231_SNP    10 110.6034343 0.167077278
10_57600325_SNP    10 111.5443157 0.054412123
10_57663744_indel  10 112.5536159 0.052934804
10_57840759_SNP    10 113.3942928 0.117217056
10_57962821_indel  10 114.5906972 0.227051836
10_58081628_SNP    10 115.4050588 0.234005477
10_58288752_SNP    10 116.5146110 0.218262876
10_58378203_indel  10 118.0346580 0.062253830
10_58555772_SNP    10 119.0100563 0.010890039
10_58720828_indel  10 119.9104803 0.006310870
10_59086390_SNP    10 120.9313250 0.006652165
10_59326382_SNP    10 122.0536273 0.010856082
10_59662724_indel  10 123.2427897 0.007033998
10_59746209_SNP    10 124.1826640 0.026270260
10_59831314_SNP    10 125.0839461 0.024017004
10_60054680_indel  10 126.1081170 0.024139200
10_60160441_SNP    10 127.1909130 0.011597750
10_60233952_SNP    10 128.1505502 0.006002975
10_60288475_SNP    10 128.9931754 0.006763859
10_60383548_SNP    10 130.1100476 0.068167308
10_60566557_SNP    10 131.2480348 0.149498741
10_60805294_SNP    10 132.9405296 0.092426882
10_60995346_SNP    10 133.9984479 0.074997599
10_61153381_SNP    10 135.0722147 0.085921014

