$`7@73.2`
                 chr        pos         lod
7_86832_SNP        7   0.000000 0.312587811
7_279386_indel     7   1.705709 0.128790278
7_702009_SNP       7   3.012135 0.180500113
7_934029_indel     7   4.096955 0.145391183
7_1085826_SNP      7   4.928178 0.409678464
7_1247920_SNP      7   6.342841 0.389833641
7_1490343_indel    7   7.918102 0.629901890
7_1566966_indel    7   8.839650 0.564909055
7_1900694_indel    7   9.919507 0.478815008
7_2003767_SNP      7  11.375949 0.079760297
7_2113188_SNP      7  12.403503 0.113897433
7_2329647_SNP      7  13.453070 0.076463528
7_2519534_SNP      7  15.409925 0.051053437
7_2614779_SNP      7  16.237011 0.049861887
7_2789950_indel    7  17.119407 0.050862038
7_2930906_SNP      7  18.039552 0.012628290
7_3191438_SNP      7  19.298775 0.032510511
7_3235816_SNP      7  20.771622 0.047889406
7_3281084_SNP      7  21.594794 0.054796503
7_3640745_indel    7  23.180096 0.128542913
7_3752202_indel    7  24.041205 0.140910244
7_4251966_SNP      7  25.421178 0.047628509
7_4423904_SNP      7  26.731324 0.028714537
7_4520711_indel    7  27.533179 0.009728315
7_4660474_indel    7  28.919337 0.085627460
7_4945572_indel    7  31.283881 0.043049779
7_5157372_SNP      7  32.872531 0.070312167
7_5434727_indel    7  34.166934 0.088438762
7_5794229_SNP      7  35.529739 0.088840093
7_5810979_SNP      7  36.333687 0.104050879
7_5948166_SNP      7  37.144313 0.148692856
7_6217089_SNP      7  38.803642 0.094477111
7_6503230_SNP      7  39.820800 0.078307151
7_6721543_indel    7  41.229995 0.204813856
7_7008352_SNP      7  42.605761 0.246381591
7_7688785_SNP      7  43.864961 0.263223314
7_7878422_SNP      7  45.375104 0.314808246
7_8217299_indel    7  46.225483 0.349933180
7_8733123_indel    7  47.355472 0.361732071
7_8995240_SNP      7  48.269432 0.439979319
7_9716266_SNP      7  49.258539 0.511958951
7_10252023_SNP     7  50.093082 0.471039241
7_11697969_SNP     7  50.898856 0.383886479
7_28588571_SNP     7  51.797646 0.351768005
7_52167960_SNP     7  52.609388 0.372224823
7_53942747_SNP     7  53.584509 0.479230111
7_54787585_indel   7  54.473644 0.446346153
7_55989712_SNP     7  55.442691 0.508759710
7_56456345_indel   7  56.435245 1.384692807
7_56572890_SNP     7  57.412571 1.384006585
7_56921644_SNP     7  58.286508 1.783315797
7_57288688_SNP     7  59.352861 1.776617052
7_57417216_SNP     7  60.206701 2.263445812
7_57557880_SNP     7  61.292163 2.250240567
7_57704589_indel   7  62.118718 2.268996051
7_57954146_SNP     7  62.952823 2.810805768
7_58275627_SNP     7  63.931273 3.079012394
7_58340680_indel   7  64.777525 3.112934938
7_58476664_SNP     7  65.641870 3.209991938
7_58852992_SNP     7  67.180063 3.222428671
7_59051509_SNP     7  68.207113 3.465097715
7_59196977_SNP     7  69.399774 3.204793489
7_59277216_SNP     7  70.222928 3.285705340
7_59481526_SNP     7  71.169062 3.302094110
7_59505307_SNP     7  71.355232 3.305797671
7_59533447_SNP     7  71.977474 3.938581053
7_59631468_indel   7  72.896668 3.986415554
7_59654592_SNP     7  73.170787 4.019853218
7_59847033_indel   7  73.755778 3.739330695
7_59867828_SNP     7  73.865325 3.715458913
7_59991087_indel   7  75.342816 2.697191546
7_60193676_SNP     7  76.572473 2.631772233
7_60278391_SNP     7  77.585143 2.345503535
7_60470668_SNP     7  78.549843 1.539377277
7_60945971_SNP     7  79.468015 1.468150440
7_61098841_SNP     7  80.584652 0.709779869
7_61192329_indel   7  82.071048 0.690114820
7_61403499_SNP     7  83.138148 0.631616173
7_61479012_SNP     7  83.966120 0.445003757
7_61642296_SNP     7  84.795520 0.397545455
7_62033499_SNP     7  85.690130 0.509812265
7_62132237_SNP     7  86.626701 0.454931354
7_62308835_SNP     7  87.438139 0.412103864
7_62451181_indel   7  88.369401 0.348827952
7_62472296_SNP     7  89.191903 0.355648630
7_62618928_indel   7  90.182912 0.328191753
7_62861600_SNP     7  90.987742 0.114973693
7_62964467_SNP     7  91.839150 0.121991991
7_62984265_indel   7  92.639767 0.121723874
7_63129587_SNP     7  93.826035 0.026358068
7_63450119_SNP     7  94.812028 0.045461391
7_63570480_SNP     7  95.637549 0.178971818
7_63682011_SNP     7  96.507160 0.045477038
7_63752332_SNP     7  97.535385 0.044965903
7_63986311_indel   7  98.533908 0.044354055
7_64035577_SNP     7  99.458940 0.041547867
7_64067745_indel   7 100.282638 0.043419465
7_64255840_SNP     7 101.092487 0.048088811
7_64606266_SNP     7 102.434533 0.046037511
7_64857800_SNP     7 103.408469 0.013642843
7_65401746_SNP     7 105.103999 0.332568837
7_65435009_SNP     7 105.946380 0.406538947

$`10@38.8`
                  chr         pos        lod
10_47200_SNP       10   0.2191863 0.01106976
10_594536_SNP      10   1.0247762 0.01551342
10_790567_SNP      10   2.1945863 0.05313688
10_1145111_SNP     10   3.3470441 0.17989893
10_1226278_SNP     10   4.3857027 0.18617046
10_1312449_indel   10   5.6286834 0.38411252
10_1552816_SNP     10   6.4489449 0.62214656
10_1674278_SNP     10   7.2736948 0.77259634
10_1769194_SNP     10   8.1189316 0.77838763
10_1865539_SNP     10   8.9836808 0.69778888
10_2003120_SNP     10   9.6604699 0.72916990
10_2029603_SNP     10   9.8808643 0.72068404
10_2239990_SNP     10  11.0910983 0.42020193
10_2256759_indel   10  11.9656355 0.42020193
10_2291876_SNP     10  13.3097240 0.63589729
10_2342917_SNP     10  14.2210039 0.42199368
10_2443743_SNP     10  15.2236201 0.44641382
10_2503103_SNP     10  16.3640202 0.39908864
10_2567493_SNP     10  17.3953041 0.50487039
10_2674120_indel   10  18.8476408 0.47319740
10_2779866_SNP     10  19.7505478 0.59495010
10_3006777_SNP     10  20.7382908 0.67928614
10_3320221_indel   10  21.8529677 1.46315016
10_3455212_indel   10  22.9074169 1.24325787
10_3566551_indel   10  23.9432494 1.28731099
10_3628687_indel   10  24.8534661 1.33048150
10_3663606_indel   10  26.0990743 1.41997097
10_3848790_SNP     10  27.3450615 1.93642248
10_4093608_SNP     10  28.3908662 1.93642248
10_4274949_SNP     10  29.4622687 1.81218684
10_4471639_SNP     10  30.2787808 1.45549800
10_4611354_SNP     10  31.1863116 1.49227939
10_4709177_SNP     10  32.8978663 1.47946394
10_4990537_SNP     10  34.1026263 2.25969857
10_5061840_SNP     10  35.0712593 2.50035333
10_5125666_indel   10  35.9501492 2.91444665
10_5267950_SNP     10  36.8487913 2.99726399
10_5551100_SNP     10  38.4079812 4.41717955
10_5630305_SNP     10  38.8187219 4.86374115
10_5718670_SNP     10  39.1510865 4.61594861
10_5777799_indel   10  39.4007780 4.32490273
10_5958042_indel   10  40.4125029 4.24794779
10_6305244_SNP     10  41.4975018 3.97239499
10_6375702_SNP     10  42.4247701 4.00092526
10_6503777_SNP     10  43.2794217 4.00640257
10_6540182_indel   10  44.2038153 4.04951879
10_6608620_SNP     10  45.2254514 4.16109054
10_6849217_SNP     10  46.0851206 4.66526615
10_6968093_SNP     10  46.2997246 4.66526615
10_7213116_SNP     10  47.1698723 4.58838850
10_7462982_SNP     10  48.0351301 4.50211094
10_7478172_SNP     10  48.2669376 4.30909043
10_7591072_SNP     10  49.2713690 3.01488004
10_7605843_indel   10  50.7223121 2.97519579
10_7770954_indel   10  52.7117465 3.10646141
10_7800452_SNP     10  54.1448857 3.02749719
10_7865192_SNP     10  55.2440590 3.11283477
10_8206247_SNP     10  56.3777119 2.87844228
10_8595206_SNP     10  57.4208188 2.43172258
10_8856482_SNP     10  58.2483906 2.31494363
10_8920667_indel   10  59.2568438 2.38424804
10_9375593_SNP     10  60.0598440 2.31329727
10_9577930_indel   10  60.8743461 2.29881876
10_9860336_indel   10  61.8893552 2.18065639
10_10237912_SNP    10  62.7750207 2.59638207
10_10899170_SNP    10  63.6182024 2.91573080
10_11824744_SNP    10  64.4478223 2.90950743
10_12624151_SNP    10  65.2683047 2.90632644
10_14147010_indel  10  66.1020990 2.81575990
10_15907892_SNP    10  67.0560462 2.81698367
10_16971949_SNP    10  67.8666690 2.82337558
10_19544448_SNP    10  68.7864372 2.81626940
10_47766289_indel  10  69.6848226 2.69647845
10_48223329_indel  10  70.5032781 2.28679030
10_48939170_indel  10  71.8547085 2.80810180
10_49739345_indel  10  72.7097363 2.89996349
10_50555781_SNP    10  73.6467033 3.02160259
10_51301082_SNP    10  74.4742272 2.77145502
10_51917685_SNP    10  75.5034373 2.77431068
10_51933395_SNP    10  75.7187362 3.59534508
10_52241482_SNP    10  76.3729095 3.02352441
10_52317833_indel  10  77.2028348 2.91171898
10_52520368_SNP    10  78.0882097 2.16058455
10_52680008_SNP    10  78.9557152 1.66056110
10_52823689_indel  10  79.7698282 1.36775202
10_53128984_SNP    10  80.6562311 1.35143839
10_53453184_SNP    10  81.4650646 1.04841726
10_53797102_SNP    10  82.3295025 0.98317688
10_54037329_indel  10  83.2608933 1.04519706
10_54111672_SNP    10  84.1749009 1.08518587
10_54162411_SNP    10  85.2295521 0.92192023
10_54266322_SNP    10  86.2171958 1.06367489
10_54402947_SNP    10  87.2426260 1.40203835
10_54505906_indel  10  88.0893947 1.31563530
10_54908441_indel  10  88.9582783 1.10959952
10_55212116_SNP    10  89.8665233 1.05669063
10_55293417_SNP    10  90.9727618 1.39035391
10_55424383_SNP    10  92.6653039 1.23070942
10_55477029_SNP    10  93.5745163 1.20601573
10_55504795_SNP    10  95.2269907 1.08832198
10_55590204_indel  10  96.1728683 1.07900832
10_55715123_SNP    10  97.1320310 1.07611728
10_55818842_SNP    10  97.9601177 0.63807140
10_55920461_SNP    10  98.8053485 0.63986459
10_56014668_SNP    10 100.0292389 0.61857545
10_56135735_SNP    10 101.2047369 0.50761021
10_56271730_SNP    10 102.2085068 0.50761021
10_56450978_SNP    10 103.1303701 0.48448883
10_56642219_SNP    10 103.9643962 0.33879086
10_56784773_indel  10 104.8207021 0.33879086
10_56937372_indel  10 105.7641668 0.33325806
10_56937398_SNP    10 106.6001662 0.33325806
10_57032376_SNP    10 107.5579186 0.32766239
10_57122591_SNP    10 108.6408681 0.37017576
10_57281685_indel  10 109.4990024 0.38253351
10_57448231_SNP    10 110.6034343 0.59711354
10_57600325_SNP    10 111.5443157 0.21356232
10_57663744_indel  10 112.5536159 0.13099945
10_57840759_SNP    10 113.3942928 0.15485273
10_57962821_indel  10 114.5906972 0.32276365
10_58081628_SNP    10 115.4050588 0.34860808
10_58288752_SNP    10 116.5146110 0.37593800
10_58378203_indel  10 118.0346580 0.25752811
10_58555772_SNP    10 119.0100563 0.19179650
10_58720828_indel  10 119.9104803 0.15532045
10_59086390_SNP    10 120.9313250 0.20523547
10_59326382_SNP    10 122.0536273 0.20718549
10_59662724_indel  10 123.2427897 0.20130663
10_59746209_SNP    10 124.1826640 0.05652630
10_59831314_SNP    10 125.0839461 0.05037376
10_60054680_indel  10 126.1081170 0.05035034
10_60160441_SNP    10 127.1909130 0.04243761
10_60233952_SNP    10 128.1505502 0.07845854
10_60288475_SNP    10 128.9931754 0.08825617
10_60383548_SNP    10 130.1100476 0.05876185
10_60566557_SNP    10 131.2480348 0.04905519
10_60805294_SNP    10 132.9405296 0.04880977
10_60995346_SNP    10 133.9984479 0.05696789
10_61153381_SNP    10 135.0722147 0.04107933

