$`10@39.2`
                  chr         pos         lod
10_47200_SNP       10   0.2191863 0.071421315
10_594536_SNP      10   1.0247762 0.099504366
10_790567_SNP      10   2.1945863 0.294124047
10_1145111_SNP     10   3.3470441 0.278832350
10_1226278_SNP     10   4.3857027 0.523089976
10_1312449_indel   10   5.6286834 1.023848484
10_1552816_SNP     10   6.4489449 1.170474643
10_1674278_SNP     10   7.2736948 1.372822880
10_1769194_SNP     10   8.1189316 1.364126364
10_1865539_SNP     10   8.9836808 1.593174513
10_2003120_SNP     10   9.6604699 1.596033567
10_2029603_SNP     10   9.8808643 1.568080403
10_2239990_SNP     10  11.0910983 0.929492525
10_2256759_indel   10  11.9656355 0.956389274
10_2291876_SNP     10  13.3097240 1.030179743
10_2342917_SNP     10  14.2210039 0.947123783
10_2443743_SNP     10  15.2236201 0.909990368
10_2503103_SNP     10  16.3640202 0.598533874
10_2567493_SNP     10  17.3953041 0.598302100
10_2674120_indel   10  18.8476408 0.361289413
10_2779866_SNP     10  19.7505478 0.342478563
10_3006777_SNP     10  20.7382908 0.412315859
10_3320221_indel   10  21.8529677 0.889249325
10_3455212_indel   10  22.9074169 0.789408436
10_3566551_indel   10  23.9432494 0.776840963
10_3628687_indel   10  24.8534661 0.793524897
10_3663606_indel   10  26.0990743 0.775073170
10_3848790_SNP     10  27.3450615 0.926780772
10_4093608_SNP     10  28.3908662 0.911112911
10_4274949_SNP     10  29.4622687 0.896519217
10_4471639_SNP     10  30.2787808 0.761690822
10_4611354_SNP     10  31.1863116 0.834519737
10_4709177_SNP     10  32.8978663 0.718786721
10_4990537_SNP     10  34.1026263 1.575267232
10_5061840_SNP     10  35.0712593 1.607751182
10_5125666_indel   10  35.9501492 1.957752716
10_5267950_SNP     10  36.8487913 2.016388556
10_5551100_SNP     10  38.4079812 2.669651067
10_5630305_SNP     10  38.8187219 3.127048464
10_5718670_SNP     10  39.1510865 3.407771827
10_5777799_indel   10  39.4007780 3.392641669
10_5958042_indel   10  40.4125029 3.390362974
10_6305244_SNP     10  41.4975018 3.364265696
10_6375702_SNP     10  42.4247701 3.155883656
10_6503777_SNP     10  43.2794217 3.180141611
10_6540182_indel   10  44.2038153 3.165996528
10_6608620_SNP     10  45.2254514 3.180554168
10_6849217_SNP     10  46.0851206 3.202654748
10_6968093_SNP     10  46.2997246 3.202654748
10_7213116_SNP     10  47.1698723 3.059035880
10_7462982_SNP     10  48.0351301 3.008887024
10_7478172_SNP     10  48.2669376 2.998744895
10_7591072_SNP     10  49.2713690 2.174313847
10_7605843_indel   10  50.7223121 2.197784816
10_7770954_indel   10  52.7117465 2.332875058
10_7800452_SNP     10  54.1448857 2.532617040
10_7865192_SNP     10  55.2440590 2.598879162
10_8206247_SNP     10  56.3777119 2.072101417
10_8595206_SNP     10  57.4208188 1.551667209
10_8856482_SNP     10  58.2483906 1.448244233
10_8920667_indel   10  59.2568438 1.519810511
10_9375593_SNP     10  60.0598440 1.545319755
10_9577930_indel   10  60.8743461 1.577784975
10_9860336_indel   10  61.8893552 0.928710675
10_10237912_SNP    10  62.7750207 1.058504189
10_10899170_SNP    10  63.6182024 0.926064262
10_11824744_SNP    10  64.4478223 0.907585080
10_12624151_SNP    10  65.2683047 0.890090834
10_14147010_indel  10  66.1020990 0.713494666
10_15907892_SNP    10  67.0560462 0.704498218
10_16971949_SNP    10  67.8666690 0.690773754
10_19544448_SNP    10  68.7864372 0.672408189
10_47766289_indel  10  69.6848226 0.591721588
10_48223329_indel  10  70.5032781 0.544124761
10_48939170_indel  10  71.8547085 0.785742155
10_49739345_indel  10  72.7097363 0.763976985
10_50555781_SNP    10  73.6467033 0.939420425
10_51301082_SNP    10  74.4742272 0.970408669
10_51917685_SNP    10  75.5034373 0.968462660
10_51933395_SNP    10  75.7187362 1.298144112
10_52241482_SNP    10  76.3729095 1.157429226
10_52317833_indel  10  77.2028348 1.068976086
10_52520368_SNP    10  78.0882097 0.675812159
10_52680008_SNP    10  78.9557152 0.284600524
10_52823689_indel  10  79.7698282 0.106645715
10_53128984_SNP    10  80.6562311 0.092043815
10_53453184_SNP    10  81.4650646 0.030059407
10_53797102_SNP    10  82.3295025 0.039465471
10_54037329_indel  10  83.2608933 0.072788750
10_54111672_SNP    10  84.1749009 0.103816996
10_54162411_SNP    10  85.2295521 0.106012670
10_54266322_SNP    10  86.2171958 0.112795379
10_54402947_SNP    10  87.2426260 0.216185336
10_54505906_indel  10  88.0893947 0.296254776
10_54908441_indel  10  88.9582783 0.360179041
10_55212116_SNP    10  89.8665233 0.339967130
10_55293417_SNP    10  90.9727618 0.285915635
10_55424383_SNP    10  92.6653039 0.152897872
10_55477029_SNP    10  93.5745163 0.100828406
10_55504795_SNP    10  95.2269907 0.088723003
10_55590204_indel  10  96.1728683 0.094670904
10_55715123_SNP    10  97.1320310 0.082296676
10_55818842_SNP    10  97.9601177 0.011421973
10_55920461_SNP    10  98.8053485 0.008530106
10_56014668_SNP    10 100.0292389 0.016638689
10_56135735_SNP    10 101.2047369 0.015926115
10_56271730_SNP    10 102.2085068 0.018021550
10_56450978_SNP    10 103.1303701 0.029049875
10_56642219_SNP    10 103.9643962 0.090840900
10_56784773_indel  10 104.8207021 0.090840900
10_56937372_indel  10 105.7641668 0.092194598
10_56937398_SNP    10 106.6001662 0.092194598
10_57032376_SNP    10 107.5579186 0.064429611
10_57122591_SNP    10 108.6408681 0.009099694
10_57281685_indel  10 109.4990024 0.009119450
10_57448231_SNP    10 110.6034343 0.007336658
10_57600325_SNP    10 111.5443157 0.020120105
10_57663744_indel  10 112.5536159 0.018816415
10_57840759_SNP    10 113.3942928 0.008588858
10_57962821_indel  10 114.5906972 0.021564187
10_58081628_SNP    10 115.4050588 0.016179590
10_58288752_SNP    10 116.5146110 0.006944929
10_58378203_indel  10 118.0346580 0.047236858
10_58555772_SNP    10 119.0100563 0.173484873
10_58720828_indel  10 119.9104803 0.230140083
10_59086390_SNP    10 120.9313250 0.203175464
10_59326382_SNP    10 122.0536273 0.195856045
10_59662724_indel  10 123.2427897 0.209065933
10_59746209_SNP    10 124.1826640 0.392394650
10_59831314_SNP    10 125.0839461 0.430431404
10_60054680_indel  10 126.1081170 0.432521761
10_60160441_SNP    10 127.1909130 0.255260031
10_60233952_SNP    10 128.1505502 0.198120531
10_60288475_SNP    10 128.9931754 0.189364130
10_60383548_SNP    10 130.1100476 0.300288161
10_60566557_SNP    10 131.2480348 0.279122137
10_60805294_SNP    10 132.9405296 0.232641959
10_60995346_SNP    10 133.9984479 0.171371815
10_61153381_SNP    10 135.0722147 0.195032249

