$`10@48.0`
                  chr         pos         lod
10_47200_SNP       10   0.2191863 0.076841346
10_594536_SNP      10   1.0247762 0.083469715
10_790567_SNP      10   2.1945863 0.016872584
10_1145111_SNP     10   3.3470441 0.009386162
10_1226278_SNP     10   4.3857027 0.034781020
10_1312449_indel   10   5.6286834 0.162688861
10_1552816_SNP     10   6.4489449 0.187843730
10_1674278_SNP     10   7.2736948 0.269790478
10_1769194_SNP     10   8.1189316 0.498616076
10_1865539_SNP     10   8.9836808 0.691826774
10_2003120_SNP     10   9.6604699 0.709967288
10_2029603_SNP     10   9.8808643 0.712508821
10_2239990_SNP     10  11.0910983 0.355930576
10_2256759_indel   10  11.9656355 0.335888215
10_2291876_SNP     10  13.3097240 0.444516512
10_2342917_SNP     10  14.2210039 0.473543689
10_2443743_SNP     10  15.2236201 0.524575667
10_2503103_SNP     10  16.3640202 0.456283298
10_2567493_SNP     10  17.3953041 0.481258776
10_2674120_indel   10  18.8476408 0.494626035
10_2779866_SNP     10  19.7505478 0.443106648
10_3006777_SNP     10  20.7382908 0.253378146
10_3320221_indel   10  21.8529677 0.203552801
10_3455212_indel   10  22.9074169 0.173256511
10_3566551_indel   10  23.9432494 0.189421315
10_3628687_indel   10  24.8534661 0.204798807
10_3663606_indel   10  26.0990743 0.163152417
10_3848790_SNP     10  27.3450615 0.179598663
10_4093608_SNP     10  28.3908662 0.187197264
10_4274949_SNP     10  29.4622687 0.167098005
10_4471639_SNP     10  30.2787808 0.057275139
10_4611354_SNP     10  31.1863116 0.082064736
10_4709177_SNP     10  32.8978663 0.092387062
10_4990537_SNP     10  34.1026263 0.379810489
10_5061840_SNP     10  35.0712593 0.418241031
10_5125666_indel   10  35.9501492 0.602112090
10_5267950_SNP     10  36.8487913 0.652914353
10_5551100_SNP     10  38.4079812 2.618984875
10_5630305_SNP     10  38.8187219 2.527774686
10_5718670_SNP     10  39.1510865 2.363311313
10_5777799_indel   10  39.4007780 2.455824396
10_5958042_indel   10  40.4125029 2.506462495
10_6305244_SNP     10  41.4975018 2.631794466
10_6375702_SNP     10  42.4247701 2.452046976
10_6503777_SNP     10  43.2794217 2.437117389
10_6540182_indel   10  44.2038153 2.806290536
10_6608620_SNP     10  45.2254514 3.211993166
10_6849217_SNP     10  46.0851206 3.052342763
10_6968093_SNP     10  46.2997246 3.052342763
10_7213116_SNP     10  47.1698723 3.067759477
10_7462982_SNP     10  48.0351301 3.405173561
10_7478172_SNP     10  48.2669376 3.242707941
10_7591072_SNP     10  49.2713690 2.221918503
10_7605843_indel   10  50.7223121 2.161443318
10_7770954_indel   10  52.7117465 2.080443547
10_7800452_SNP     10  54.1448857 1.644145528
10_7865192_SNP     10  55.2440590 1.734389674
10_8206247_SNP     10  56.3777119 1.553326618
10_8595206_SNP     10  57.4208188 1.312129027
10_8856482_SNP     10  58.2483906 1.159886937
10_8920667_indel   10  59.2568438 1.129437707
10_9375593_SNP     10  60.0598440 1.104629875
10_9577930_indel   10  60.8743461 1.084490880
10_9860336_indel   10  61.8893552 1.454571507
10_10237912_SNP    10  62.7750207 1.985525794
10_10899170_SNP    10  63.6182024 2.127057129
10_11824744_SNP    10  64.4478223 2.127057129
10_12624151_SNP    10  65.2683047 2.092008059
10_14147010_indel  10  66.1020990 1.944787514
10_15907892_SNP    10  67.0560462 1.907496956
10_16971949_SNP    10  67.8666690 1.886124343
10_19544448_SNP    10  68.7864372 1.971526178
10_47766289_indel  10  69.6848226 2.147278573
10_48223329_indel  10  70.5032781 2.217292067
10_48939170_indel  10  71.8547085 1.923158980
10_49739345_indel  10  72.7097363 1.554487005
10_50555781_SNP    10  73.6467033 1.716219336
10_51301082_SNP    10  74.4742272 1.417824889
10_51917685_SNP    10  75.5034373 1.418594549
10_51933395_SNP    10  75.7187362 1.523036714
10_52241482_SNP    10  76.3729095 1.589708074
10_52317833_indel  10  77.2028348 1.508133081
10_52520368_SNP    10  78.0882097 0.971906379
10_52680008_SNP    10  78.9557152 0.852553634
10_52823689_indel  10  79.7698282 0.628314207
10_53128984_SNP    10  80.6562311 0.635145156
10_53453184_SNP    10  81.4650646 0.547306315
10_53797102_SNP    10  82.3295025 0.494893866
10_54037329_indel  10  83.2608933 0.396001282
10_54111672_SNP    10  84.1749009 0.294471324
10_54162411_SNP    10  85.2295521 0.243615846
10_54266322_SNP    10  86.2171958 0.187491731
10_54402947_SNP    10  87.2426260 0.222448437
10_54505906_indel  10  88.0893947 0.406035717
10_54908441_indel  10  88.9582783 0.420642649
10_55212116_SNP    10  89.8665233 0.401503232
10_55293417_SNP    10  90.9727618 0.579252345
10_55424383_SNP    10  92.6653039 0.454312369
10_55477029_SNP    10  93.5745163 0.394470518
10_55504795_SNP    10  95.2269907 0.403937222
10_55590204_indel  10  96.1728683 0.402309568
10_55715123_SNP    10  97.1320310 0.361342634
10_55818842_SNP    10  97.9601177 0.074887921
10_55920461_SNP    10  98.8053485 0.047521687
10_56014668_SNP    10 100.0292389 0.041950402
10_56135735_SNP    10 101.2047369 0.025915516
10_56271730_SNP    10 102.2085068 0.024404727
10_56450978_SNP    10 103.1303701 0.070609767
10_56642219_SNP    10 103.9643962 0.019722409
10_56784773_indel  10 104.8207021 0.019722409
10_56937372_indel  10 105.7641668 0.019722409
10_56937398_SNP    10 106.6001662 0.019722409
10_57032376_SNP    10 107.5579186 0.099972161
10_57122591_SNP    10 108.6408681 0.083452927
10_57281685_indel  10 109.4990024 0.139939880
10_57448231_SNP    10 110.6034343 0.445147273
10_57600325_SNP    10 111.5443157 0.255210924
10_57663744_indel  10 112.5536159 0.227533126
10_57840759_SNP    10 113.3942928 0.277054877
10_57962821_indel  10 114.5906972 0.310833348
10_58081628_SNP    10 115.4050588 0.311600945
10_58288752_SNP    10 116.5146110 0.288604521
10_58378203_indel  10 118.0346580 0.140144783
10_58555772_SNP    10 119.0100563 0.142271395
10_58720828_indel  10 119.9104803 0.159076363
10_59086390_SNP    10 120.9313250 0.129148737
10_59326382_SNP    10 122.0536273 0.132482410
10_59662724_indel  10 123.2427897 0.124580008
10_59746209_SNP    10 124.1826640 0.045235420
10_59831314_SNP    10 125.0839461 0.060161182
10_60054680_indel  10 126.1081170 0.059402156
10_60160441_SNP    10 127.1909130 0.046016599
10_60233952_SNP    10 128.1505502 0.043688593
10_60288475_SNP    10 128.9931754 0.026888635
10_60383548_SNP    10 130.1100476 0.019025089
10_60566557_SNP    10 131.2480348 0.003939307
10_60805294_SNP    10 132.9405296 0.018296385
10_60995346_SNP    10 133.9984479 0.030614507
10_61153381_SNP    10 135.0722147 0.028889214

