$`4@115.9`
                 chr         pos          lod
4_86750_SNP        4   0.0000000 0.0284629151
4_250258_indel     4   0.9010534 0.0184932949
4_453323_indel     4   1.7272005 0.0212962663
4_774112_SNP       4   2.6962642 0.0211343049
4_869419_SNP       4   3.5034669 0.0146265149
4_1000979_SNP      4   4.3892644 0.0150265373
4_1162816_SNP      4   5.6056404 0.0640929571
4_1248675_indel    4   6.4973240 0.0469951579
4_1484380_indel    4   7.6407711 0.0277423190
4_1911991_SNP      4   9.0229812 0.0001021768
4_1971639_SNP      4   9.8250490 0.0158392165
4_2011598_SNP      4  11.4339593 0.0112822173
4_2297294_indel    4  12.4239182 0.0103537594
4_2448205_SNP      4  13.3491255 0.0104590568
4_2781098_SNP      4  14.4071091 0.0523359045
4_2905638_SNP      4  15.7508072 0.0383517040
4_3215890_SNP      4  17.5309340 0.0142759827
4_3380971_SNP      4  19.2941261 0.0171988480
4_3505130_indel    4  20.8492675 0.0418964576
4_3571112_SNP      4  22.1397065 0.1036393350
4_3856203_SNP      4  23.3838546 0.2141746170
4_4108963_SNP      4  24.4907674 0.3094536218
4_4213107_SNP      4  25.3141999 0.3121257332
4_4288435_SNP      4  26.4788566 0.4984818230
4_4520983_SNP      4  28.2726968 0.5061111153
4_4567300_indel    4  29.1165005 0.4696450852
4_4631748_indel    4  29.9915138 0.4616888583
4_4729139_indel    4  31.1114674 0.5010168598
4_4905104_indel    4  32.1497350 0.3260783570
4_5089207_SNP      4  33.1535164 0.2412311912
4_5190509_SNP      4  34.1151046 0.3220929603
4_5349138_indel    4  35.1941471 0.2652691985
4_5426773_indel    4  36.1099457 0.2298773154
4_5572177_SNP      4  37.0074811 0.2834993965
4_5840694_indel    4  37.8573105 0.2994469187
4_6017776_SNP      4  38.9399300 0.2640788551
4_6417903_SNP      4  40.6479515 0.0526437289
4_6677094_SNP      4  41.4625464 0.0526153876
4_6908227_SNP      4  42.8111535 0.0136742201
4_7179009_SNP      4  43.9737402 0.0103735541
4_7264484_SNP      4  44.7991293 0.0280264809
4_7548747_SNP      4  45.6193824 0.0092923746
4_7843776_SNP      4  46.4317334 0.0626848438
4_8009884_SNP      4  47.6377732 0.0593883045
4_8253493_SNP      4  48.5852272 0.0648298595
4_8442832_SNP      4  50.1629727 0.0720011133
4_8468936_indel    4  51.0867571 0.0647814666
4_8602912_SNP      4  52.7181431 0.0413451281
4_8867669_indel    4  54.2201618 0.1682700075
4_9110689_SNP      4  55.7633687 0.0153603998
4_9491923_SNP      4  56.7096905 0.0119384913
4_9906320_SNP      4  57.7700648 0.0102012819
4_10311589_indel   4  58.7908568 0.0678928145
4_11408726_indel   4  59.8573673 0.1749469155
4_12228676_indel   4  60.8750475 0.1268378952
4_13591587_SNP     4  61.9340817 0.2047653325
4_46852324_indel   4  63.0615934 0.1967164517
4_48614322_SNP     4  63.9463722 0.3027838859
4_49481297_SNP     4  64.8498118 0.4465067127
4_50253134_indel   4  65.8078473 0.5158536685
4_50666147_SNP     4  67.0563958 0.5455043003
4_51212119_SNP     4  68.4778745 0.4340586344
4_51335553_SNP     4  69.6930494 0.4248915591
4_51424903_indel   4  70.6453252 0.2654061196
4_51490709_SNP     4  71.5950940 0.2909144530
4_51652701_SNP     4  72.4758662 0.2885226739
4_51925155_SNP     4  73.5189981 0.3086961472
4_54209068_indel   4  82.3733047 0.8052441544
4_54397210_SNP     4  83.3657768 0.8326287862
4_54801117_indel   4  84.3783283 1.1822615401
4_55312647_SNP     4  85.3026612 0.9660732615
4_55625524_SNP     4  86.3965658 0.9679868483
4_55841452_SNP     4  87.3722383 0.7999440202
4_56103796_indel   4  88.3129310 1.4328553188
4_56727509_SNP     4  89.2355893 0.6680922444
4_57040582_SNP     4  90.6120448 0.6489594506
4_57114887_SNP     4  91.5042818 1.1427410041
4_57484208_SNP     4  92.3081833 0.9165834801
4_57641039_SNP     4  93.2182231 0.9670670131
4_57913281_SNP     4  94.0699056 1.0740794964
4_58138247_SNP     4  94.9368660 1.0800655086
4_58385817_SNP     4  95.9496751 0.9608745184
4_58649860_SNP     4  96.7774182 0.9853322876
4_59085327_SNP     4  97.8287937 0.9856946507
4_59432869_SNP     4  99.0018818 0.9559567514
4_59499463_SNP     4  99.8835780 0.8686661971
4_59578963_SNP     4 100.7519568 0.8928978275
4_59714027_SNP     4 101.6215550 0.8657899914
4_60098883_indel   4 102.4962074 0.9230577172
4_60264623_indel   4 103.3302928 0.8210840331
4_60662228_SNP     4 104.2078736 0.7780740265
4_60890566_SNP     4 105.0422690 1.0173048893
4_61132126_SNP     4 106.1613281 1.8384491124
4_61400733_SNP     4 107.0574459 1.8765092838
4_61602757_SNP     4 107.9872511 2.4256919778
4_61809702_indel   4 108.7878739 2.4280688529
4_62066670_SNP     4 109.7731368 2.4543958921
4_62222789_SNP     4 110.6239330 2.7390030528
4_62348827_SNP     4 111.4513335 3.2008128602
4_62448585_indel   4 112.3630268 4.3611904944
4_62452179_indel   4 112.7435323 4.4403260911
4_62599717_SNP     4 113.8778271 4.7185518297
4_62694340_indel   4 114.7871722 4.7100939691
4_62834413_SNP     4 115.5520040 4.7264394270
4_62889512_SNP     4 115.8517902 4.8857205580
4_62906270_SNP     4 115.9668936 4.8857205580
4_62982569_SNP     4 116.7363125 4.0621451494
4_63232891_indel   4 117.7419735 3.9262805569
4_63395714_SNP     4 118.6698948 3.6819000166
4_63524531_SNP     4 119.5241019 3.6555428629
4_63749683_SNP     4 120.7971689 3.1855127825
4_63849561_SNP     4 121.6733554 2.9698753598
4_63907675_SNP     4 122.5127516 2.6779517858
4_64002820_indel   4 123.5056688 2.4544034065
4_64090182_SNP     4 124.6525916 1.9124644005
4_64339833_SNP     4 125.5122809 2.0758603644
4_64425951_SNP     4 126.3434913 1.4315892941
4_64542954_indel   4 127.2326589 0.8957354652
4_64634747_SNP     4 128.0334672 0.9664018673
4_64740215_SNP     4 128.8603776 0.7549841135
4_65129253_SNP     4 129.9736430 0.3211207121
4_65303115_SNP     4 131.0692928 0.2803605459
4_65408187_indel   4 131.9225993 0.2819210597
4_65555695_SNP     4 132.9383357 0.2130865955
4_65673301_indel   4 133.9763576 0.1709024581
4_65878351_indel   4 134.8711597 0.1714362557
4_66178825_SNP     4 135.9249562 0.1074087786
4_66294205_SNP     4 136.7634172 0.1139065534
4_66447927_indel   4 137.8644203 0.1220842691
4_66623395_SNP     4 138.6705966 0.1614845953
4_67061663_indel   4 139.7776114 0.1913648078
4_67248453_SNP     4 140.7957038 0.2307561471
4_67545811_SNP     4 141.9005822 0.1940886375
4_67796392_SNP     4 142.7999723 0.1860887796
4_68134966_SNP     4 143.7638495 0.1861945511
4_68263635_SNP     4 144.5705466 0.1909145998

