$`4@116.0`
                 chr         pos         lod
4_86750_SNP        4   0.0000000 0.006965953
4_250258_indel     4   0.9010534 0.010620414
4_453323_indel     4   1.7272005 0.012641012
4_774112_SNP       4   2.6962642 0.013532361
4_869419_SNP       4   3.5034669 0.004923520
4_1000979_SNP      4   4.3892644 0.005364269
4_1162816_SNP      4   5.6056404 0.048077755
4_1248675_indel    4   6.4973240 0.017952478
4_1484380_indel    4   7.6407711 0.007987072
4_1911991_SNP      4   9.0229812 0.011863092
4_1971639_SNP      4   9.8250490 0.013417064
4_2011598_SNP      4  11.4339593 0.015814801
4_2297294_indel    4  12.4239182 0.036599436
4_2448205_SNP      4  13.3491255 0.040304539
4_2781098_SNP      4  14.4071091 0.078309859
4_2905638_SNP      4  15.7508072 0.131476215
4_3215890_SNP      4  17.5309340 0.086989770
4_3380971_SNP      4  19.2941261 0.039411962
4_3505130_indel    4  20.8492675 0.034765385
4_3571112_SNP      4  22.1397065 0.019915130
4_3856203_SNP      4  23.3838546 0.023850210
4_4108963_SNP      4  24.4907674 0.021020148
4_4213107_SNP      4  25.3141999 0.021056623
4_4288435_SNP      4  26.4788566 0.021134497
4_4520983_SNP      4  28.2726968 0.014704131
4_4567300_indel    4  29.1165005 0.026121192
4_4631748_indel    4  29.9915138 0.026121192
4_4729139_indel    4  31.1114674 0.019134809
4_4905104_indel    4  32.1497350 0.048483348
4_5089207_SNP      4  33.1535164 0.061858657
4_5190509_SNP      4  34.1151046 0.201594047
4_5349138_indel    4  35.1941471 0.127213522
4_5426773_indel    4  36.1099457 0.096718247
4_5572177_SNP      4  37.0074811 0.093047733
4_5840694_indel    4  37.8573105 0.160346660
4_6017776_SNP      4  38.9399300 0.106854774
4_6417903_SNP      4  40.6479515 0.091603816
4_6677094_SNP      4  41.4625464 0.091029529
4_6908227_SNP      4  42.8111535 0.028682784
4_7179009_SNP      4  43.9737402 0.031131838
4_7264484_SNP      4  44.7991293 0.053660830
4_7548747_SNP      4  45.6193824 0.046477144
4_7843776_SNP      4  46.4317334 0.037019031
4_8009884_SNP      4  47.6377732 0.026570788
4_8253493_SNP      4  48.5852272 0.027061674
4_8442832_SNP      4  50.1629727 0.071911177
4_8468936_indel    4  51.0867571 0.064139555
4_8602912_SNP      4  52.7181431 0.085210188
4_8867669_indel    4  54.2201618 0.200725728
4_9110689_SNP      4  55.7633687 0.105716811
4_9491923_SNP      4  56.7096905 0.127149703
4_9906320_SNP      4  57.7700648 0.040543050
4_10311589_indel   4  58.7908568 0.086946628
4_11408726_indel   4  59.8573673 0.097250943
4_12228676_indel   4  60.8750475 0.103593715
4_13591587_SNP     4  61.9340817 0.179158751
4_46852324_indel   4  63.0615934 0.139875234
4_48614322_SNP     4  63.9463722 0.117993257
4_49481297_SNP     4  64.8498118 0.126723448
4_50253134_indel   4  65.8078473 0.160399762
4_50666147_SNP     4  67.0563958 0.182886948
4_51212119_SNP     4  68.4778745 0.200946361
4_51335553_SNP     4  69.6930494 0.183730136
4_51424903_indel   4  70.6453252 0.117962596
4_51490709_SNP     4  71.5950940 0.143512777
4_51652701_SNP     4  72.4758662 0.153955440
4_51925155_SNP     4  73.5189981 0.236578455
4_54209068_indel   4  82.3733047 0.635618302
4_54397210_SNP     4  83.3657768 0.704956979
4_54801117_indel   4  84.3783283 1.058792689
4_55312647_SNP     4  85.3026612 0.785453260
4_55625524_SNP     4  86.3965658 0.754729514
4_55841452_SNP     4  87.3722383 0.699046133
4_56103796_indel   4  88.3129310 1.197140259
4_56727509_SNP     4  89.2355893 0.823882081
4_57040582_SNP     4  90.6120448 0.823927612
4_57114887_SNP     4  91.5042818 1.239620537
4_57484208_SNP     4  92.3081833 0.964908478
4_57641039_SNP     4  93.2182231 0.945514758
4_57913281_SNP     4  94.0699056 1.108068324
4_58138247_SNP     4  94.9368660 1.104395365
4_58385817_SNP     4  95.9496751 1.235610357
4_58649860_SNP     4  96.7774182 1.231362614
4_59085327_SNP     4  97.8287937 1.407159086
4_59432869_SNP     4  99.0018818 1.411660735
4_59499463_SNP     4  99.8835780 1.277385550
4_59578963_SNP     4 100.7519568 1.277439242
4_59714027_SNP     4 101.6215550 1.318343210
4_60098883_indel   4 102.4962074 1.347223153
4_60264623_indel   4 103.3302928 1.907808909
4_60662228_SNP     4 104.2078736 1.904878298
4_60890566_SNP     4 105.0422690 1.901453362
4_61132126_SNP     4 106.1613281 2.437563750
4_61400733_SNP     4 107.0574459 2.458377407
4_61602757_SNP     4 107.9872511 2.396654366
4_61809702_indel   4 108.7878739 2.401885933
4_62066670_SNP     4 109.7731368 2.403780463
4_62222789_SNP     4 110.6239330 2.865743287
4_62348827_SNP     4 111.4513335 3.211721168
4_62448585_indel   4 112.3630268 4.334748533
4_62452179_indel   4 112.7435323 4.308647647
4_62599717_SNP     4 113.8778271 4.309206881
4_62694340_indel   4 114.7871722 4.292822992
4_62834413_SNP     4 115.5520040 4.292822992
4_62889512_SNP     4 115.8517902 4.505472344
4_62906270_SNP     4 115.9668936 4.575463325
4_62982569_SNP     4 116.7363125 4.123804425
4_63232891_indel   4 117.7419735 3.620609883
4_63395714_SNP     4 118.6698948 3.173778533
4_63524531_SNP     4 119.5241019 2.907153139
4_63749683_SNP     4 120.7971689 2.660992408
4_63849561_SNP     4 121.6733554 2.500444088
4_63907675_SNP     4 122.5127516 2.438846387
4_64002820_indel   4 123.5056688 2.242955080
4_64090182_SNP     4 124.6525916 1.782171249
4_64339833_SNP     4 125.5122809 1.875174391
4_64425951_SNP     4 126.3434913 1.469072414
4_64542954_indel   4 127.2326589 1.193502985
4_64634747_SNP     4 128.0334672 1.290452718
4_64740215_SNP     4 128.8603776 1.327603394
4_65129253_SNP     4 129.9736430 1.083952031
4_65303115_SNP     4 131.0692928 1.105994888
4_65408187_indel   4 131.9225993 1.105994888
4_65555695_SNP     4 132.9383357 0.843575121
4_65673301_indel   4 133.9763576 0.767022031
4_65878351_indel   4 134.8711597 0.821642875
4_66178825_SNP     4 135.9249562 0.848827151
4_66294205_SNP     4 136.7634172 1.098546020
4_66447927_indel   4 137.8644203 1.117628663
4_66623395_SNP     4 138.6705966 1.184994782
4_67061663_indel   4 139.7776114 0.998118434
4_67248453_SNP     4 140.7957038 0.813639799
4_67545811_SNP     4 141.9005822 0.758783724
4_67796392_SNP     4 142.7999723 0.738960667
4_68134966_SNP     4 143.7638495 0.739257482
4_68263635_SNP     4 144.5705466 0.744866909

$`7@73.2`
                 chr        pos         lod
7_86832_SNP        7   0.000000 0.197584826
7_279386_indel     7   1.705709 0.043956258
7_702009_SNP       7   3.012135 0.013012276
7_934029_indel     7   4.096955 0.008764712
7_1085826_SNP      7   4.928178 0.008100992
7_1247920_SNP      7   6.342841 0.018285601
7_1490343_indel    7   7.918102 0.016729338
7_1566966_indel    7   8.839650 0.017282551
7_1900694_indel    7   9.919507 0.019917108
7_2003767_SNP      7  11.375949 0.284081689
7_2113188_SNP      7  12.403503 0.281980670
7_2329647_SNP      7  13.453070 0.283464566
7_2519534_SNP      7  15.409925 0.276777477
7_2614779_SNP      7  16.237011 0.276777477
7_2789950_indel    7  17.119407 0.176359501
7_2930906_SNP      7  18.039552 0.148659297
7_3191438_SNP      7  19.298775 0.207385375
7_3235816_SNP      7  20.771622 0.239344853
7_3281084_SNP      7  21.594794 0.243292333
7_3640745_indel    7  23.180096 0.409068860
7_3752202_indel    7  24.041205 0.466720393
7_4251966_SNP      7  25.421178 0.543957651
7_4423904_SNP      7  26.731324 0.647962274
7_4520711_indel    7  27.533179 0.503841034
7_4660474_indel    7  28.919337 0.117562336
7_4945572_indel    7  31.283881 0.069147189
7_5157372_SNP      7  32.872531 0.182531024
7_5434727_indel    7  34.166934 0.137685921
7_5794229_SNP      7  35.529739 0.112518187
7_5810979_SNP      7  36.333687 0.197958716
7_5948166_SNP      7  37.144313 0.255163022
7_6217089_SNP      7  38.803642 0.218343057
7_6503230_SNP      7  39.820800 0.202712106
7_6721543_indel    7  41.229995 0.223475407
7_7008352_SNP      7  42.605761 0.315287466
7_7688785_SNP      7  43.864961 0.451438441
7_7878422_SNP      7  45.375104 0.485619297
7_8217299_indel    7  46.225483 0.500842540
7_8733123_indel    7  47.355472 0.524070787
7_8995240_SNP      7  48.269432 0.663696188
7_9716266_SNP      7  49.258539 0.535702728
7_10252023_SNP     7  50.093082 0.635073941
7_11697969_SNP     7  50.898856 0.625300994
7_28588571_SNP     7  51.797646 0.642309758
7_52167960_SNP     7  52.609388 0.641025819
7_53942747_SNP     7  53.584509 0.758348654
7_54787585_indel   7  54.473644 0.935938010
7_55989712_SNP     7  55.442691 1.188558238
7_56456345_indel   7  56.435245 2.215563014
7_56572890_SNP     7  57.412571 2.237236586
7_56921644_SNP     7  58.286508 2.583494926
7_57288688_SNP     7  59.352861 2.604194707
7_57417216_SNP     7  60.206701 2.624601689
7_57557880_SNP     7  61.292163 2.811892316
7_57704589_indel   7  62.118718 2.812735997
7_57954146_SNP     7  62.952823 2.717472386
7_58275627_SNP     7  63.931273 3.013021922
7_58340680_indel   7  64.777525 3.271744252
7_58476664_SNP     7  65.641870 3.797998748
7_58852992_SNP     7  67.180063 4.903877753
7_59051509_SNP     7  68.207113 4.848222651
7_59196977_SNP     7  69.399774 5.950771959
7_59277216_SNP     7  70.222928 6.252256224
7_59481526_SNP     7  71.169062 6.541357450
7_59505307_SNP     7  71.355232 6.594864874
7_59533447_SNP     7  71.977474 7.714532508
7_59631468_indel   7  72.896668 8.007234404
7_59654592_SNP     7  73.170787 8.163437167
7_59847033_indel   7  73.755778 7.731892659
7_59867828_SNP     7  73.865325 7.696056173
7_59991087_indel   7  75.342816 5.383443445
7_60193676_SNP     7  76.572473 5.234828714
7_60278391_SNP     7  77.585143 4.844246984
7_60470668_SNP     7  78.549843 4.063673821
7_60945971_SNP     7  79.468015 3.306987280
7_61098841_SNP     7  80.584652 1.868342281
7_61192329_indel   7  82.071048 1.785261924
7_61403499_SNP     7  83.138148 2.045416335
7_61479012_SNP     7  83.966120 1.508265886
7_61642296_SNP     7  84.795520 1.499680619
7_62033499_SNP     7  85.690130 1.570302480
7_62132237_SNP     7  86.626701 1.487189024
7_62308835_SNP     7  87.438139 1.526555232
7_62451181_indel   7  88.369401 1.801796128
7_62472296_SNP     7  89.191903 1.628014916
7_62618928_indel   7  90.182912 1.669325564
7_62861600_SNP     7  90.987742 0.675080734
7_62964467_SNP     7  91.839150 0.553936088
7_62984265_indel   7  92.639767 0.558463358
7_63129587_SNP     7  93.826035 0.666471572
7_63450119_SNP     7  94.812028 0.549637288
7_63570480_SNP     7  95.637549 0.479000877
7_63682011_SNP     7  96.507160 0.317303455
7_63752332_SNP     7  97.535385 0.398476997
7_63986311_indel   7  98.533908 0.401179091
7_64035577_SNP     7  99.458940 0.379448350
7_64067745_indel   7 100.282638 0.391986431
7_64255840_SNP     7 101.092487 0.403230749
7_64606266_SNP     7 102.434533 0.412461629
7_64857800_SNP     7 103.408469 0.241029439
7_65401746_SNP     7 105.103999 0.594942158
7_65435009_SNP     7 105.946380 0.593888662

