$`7@73.2`
                 chr        pos         lod
7_86832_SNP        7   0.000000 0.076287253
7_279386_indel     7   1.705709 0.024663293
7_702009_SNP       7   3.012135 0.024091321
7_934029_indel     7   4.096955 0.008962164
7_1085826_SNP      7   4.928178 0.049423675
7_1247920_SNP      7   6.342841 0.038612646
7_1490343_indel    7   7.918102 0.086669461
7_1566966_indel    7   8.839650 0.062007562
7_1900694_indel    7   9.919507 0.032588863
7_2003767_SNP      7  11.375949 0.071009733
7_2113188_SNP      7  12.403503 0.055874674
7_2329647_SNP      7  13.453070 0.052954030
7_2519534_SNP      7  15.409925 0.089642523
7_2614779_SNP      7  16.237011 0.089642523
7_2789950_indel    7  17.119407 0.096096346
7_2930906_SNP      7  18.039552 0.238818968
7_3191438_SNP      7  19.298775 0.366542465
7_3235816_SNP      7  20.771622 0.428962483
7_3281084_SNP      7  21.594794 0.449231880
7_3640745_indel    7  23.180096 0.639008147
7_3752202_indel    7  24.041205 0.646590189
7_4251966_SNP      7  25.421178 0.468525631
7_4423904_SNP      7  26.731324 0.414126453
7_4520711_indel    7  27.533179 0.190676619
7_4660474_indel    7  28.919337 0.017085711
7_4945572_indel    7  31.283881 0.010431174
7_5157372_SNP      7  32.872531 0.105302874
7_5434727_indel    7  34.166934 0.134256626
7_5794229_SNP      7  35.529739 0.119690944
7_5810979_SNP      7  36.333687 0.103987480
7_5948166_SNP      7  37.144313 0.136360103
7_6217089_SNP      7  38.803642 0.084990850
7_6503230_SNP      7  39.820800 0.067264957
7_6721543_indel    7  41.229995 0.208396790
7_7008352_SNP      7  42.605761 0.271610110
7_7688785_SNP      7  43.864961 0.376102149
7_7878422_SNP      7  45.375104 0.424538231
7_8217299_indel    7  46.225483 0.451362783
7_8733123_indel    7  47.355472 0.450248318
7_8995240_SNP      7  48.269432 0.520596556
7_9716266_SNP      7  49.258539 0.595181832
7_10252023_SNP     7  50.093082 0.542344322
7_11697969_SNP     7  50.898856 0.462506174
7_28588571_SNP     7  51.797646 0.386672008
7_52167960_SNP     7  52.609388 0.413446288
7_53942747_SNP     7  53.584509 0.465472583
7_54787585_indel   7  54.473644 0.423976309
7_55989712_SNP     7  55.442691 0.543374594
7_56456345_indel   7  56.435245 1.355132711
7_56572890_SNP     7  57.412571 1.354994200
7_56921644_SNP     7  58.286508 1.674816111
7_57288688_SNP     7  59.352861 1.661956139
7_57417216_SNP     7  60.206701 1.974169307
7_57557880_SNP     7  61.292163 1.934796065
7_57704589_indel   7  62.118718 1.903933953
7_57954146_SNP     7  62.952823 2.524269317
7_58275627_SNP     7  63.931273 2.791627976
7_58340680_indel   7  64.777525 2.697418515
7_58476664_SNP     7  65.641870 2.800607022
7_58852992_SNP     7  67.180063 2.824571526
7_59051509_SNP     7  68.207113 3.259300970
7_59196977_SNP     7  69.399774 3.150205730
7_59277216_SNP     7  70.222928 3.308953280
7_59481526_SNP     7  71.169062 3.285426479
7_59505307_SNP     7  71.355232 3.282872693
7_59533447_SNP     7  71.977474 3.898891488
7_59631468_indel   7  72.896668 3.885768481
7_59654592_SNP     7  73.170787 3.936837110
7_59847033_indel   7  73.755778 3.727886019
7_59867828_SNP     7  73.865325 3.633315415
7_59991087_indel   7  75.342816 2.642600814
7_60193676_SNP     7  76.572473 2.520588071
7_60278391_SNP     7  77.585143 2.414199887
7_60470668_SNP     7  78.549843 1.971300164
7_60945971_SNP     7  79.468015 1.852373818
7_61098841_SNP     7  80.584652 0.960520508
7_61192329_indel   7  82.071048 0.945761051
7_61403499_SNP     7  83.138148 0.888851991
7_61479012_SNP     7  83.966120 0.575866553
7_61642296_SNP     7  84.795520 0.538686320
7_62033499_SNP     7  85.690130 0.622983920
7_62132237_SNP     7  86.626701 0.567054800
7_62308835_SNP     7  87.438139 0.488365763
7_62451181_indel   7  88.369401 0.390579321
7_62472296_SNP     7  89.191903 0.391600229
7_62618928_indel   7  90.182912 0.351594497
7_62861600_SNP     7  90.987742 0.090708645
7_62964467_SNP     7  91.839150 0.099671944
7_62984265_indel   7  92.639767 0.101585805
7_63129587_SNP     7  93.826035 0.034299763
7_63450119_SNP     7  94.812028 0.027259831
7_63570480_SNP     7  95.637549 0.064575806
7_63682011_SNP     7  96.507160 0.006781906
7_63752332_SNP     7  97.535385 0.006924606
7_63986311_indel   7  98.533908 0.004087568
7_64035577_SNP     7  99.458940 0.005977486
7_64067745_indel   7 100.282638 0.006140570
7_64255840_SNP     7 101.092487 0.002848483
7_64606266_SNP     7 102.434533 0.001594097
7_64857800_SNP     7 103.408469 0.022630396
7_65401746_SNP     7 105.103999 0.106206064
7_65435009_SNP     7 105.946380 0.152419454

$`10@46.1`
                  chr         pos         lod
10_47200_SNP       10   0.2191863 0.017782716
10_594536_SNP      10   1.0247762 0.024465670
10_790567_SNP      10   2.1945863 0.106481068
10_1145111_SNP     10   3.3470441 0.343445443
10_1226278_SNP     10   4.3857027 0.340615168
10_1312449_indel   10   5.6286834 0.492149310
10_1552816_SNP     10   6.4489449 0.713869896
10_1674278_SNP     10   7.2736948 0.880575087
10_1769194_SNP     10   8.1189316 0.808521238
10_1865539_SNP     10   8.9836808 0.838103334
10_2003120_SNP     10   9.6604699 0.884361232
10_2029603_SNP     10   9.8808643 0.874690201
10_2239990_SNP     10  11.0910983 0.564331641
10_2256759_indel   10  11.9656355 0.564331641
10_2291876_SNP     10  13.3097240 0.752036912
10_2342917_SNP     10  14.2210039 0.526602140
10_2443743_SNP     10  15.2236201 0.546256079
10_2503103_SNP     10  16.3640202 0.446685199
10_2567493_SNP     10  17.3953041 0.538685044
10_2674120_indel   10  18.8476408 0.385059429
10_2779866_SNP     10  19.7505478 0.502881278
10_3006777_SNP     10  20.7382908 0.606509266
10_3320221_indel   10  21.8529677 1.304571081
10_3455212_indel   10  22.9074169 1.094822580
10_3566551_indel   10  23.9432494 1.126725239
10_3628687_indel   10  24.8534661 1.153486573
10_3663606_indel   10  26.0990743 1.159930401
10_3848790_SNP     10  27.3450615 1.597079324
10_4093608_SNP     10  28.3908662 1.557084929
10_4274949_SNP     10  29.4622687 1.485637431
10_4471639_SNP     10  30.2787808 1.224356929
10_4611354_SNP     10  31.1863116 1.258965412
10_4709177_SNP     10  32.8978663 1.274219361
10_4990537_SNP     10  34.1026263 2.049282547
10_5061840_SNP     10  35.0712593 2.254413616
10_5125666_indel   10  35.9501492 2.644943886
10_5267950_SNP     10  36.8487913 2.714074072
10_5551100_SNP     10  38.4079812 4.126603171
10_5630305_SNP     10  38.8187219 4.871892678
10_5718670_SNP     10  39.1510865 4.839407732
10_5777799_indel   10  39.4007780 4.869274124
10_5958042_indel   10  40.4125029 4.867357320
10_6305244_SNP     10  41.4975018 4.780325817
10_6375702_SNP     10  42.4247701 4.813172724
10_6503777_SNP     10  43.2794217 4.816572748
10_6540182_indel   10  44.2038153 5.033185525
10_6608620_SNP     10  45.2254514 5.505514808
10_6849217_SNP     10  46.0851206 5.930168075
10_6968093_SNP     10  46.2997246 5.930168075
10_7213116_SNP     10  47.1698723 5.858837287
10_7462982_SNP     10  48.0351301 5.798185002
10_7478172_SNP     10  48.2669376 5.593677038
10_7591072_SNP     10  49.2713690 4.134930395
10_7605843_indel   10  50.7223121 4.105176330
10_7770954_indel   10  52.7117465 4.512757767
10_7800452_SNP     10  54.1448857 4.569802708
10_7865192_SNP     10  55.2440590 4.706065527
10_8206247_SNP     10  56.3777119 4.160315234
10_8595206_SNP     10  57.4208188 3.438686925
10_8856482_SNP     10  58.2483906 3.187753615
10_8920667_indel   10  59.2568438 3.294817786
10_9375593_SNP     10  60.0598440 3.289066503
10_9577930_indel   10  60.8743461 3.287673493
10_9860336_indel   10  61.8893552 2.699203042
10_10237912_SNP    10  62.7750207 3.124562294
10_10899170_SNP    10  63.6182024 3.093399519
10_11824744_SNP    10  64.4478223 3.079570504
10_12624151_SNP    10  65.2683047 3.066883153
10_14147010_indel  10  66.1020990 2.727328836
10_15907892_SNP    10  67.0560462 2.725761940
10_16971949_SNP    10  67.8666690 2.714548103
10_19544448_SNP    10  68.7864372 2.684155502
10_47766289_indel  10  69.6848226 2.618290466
10_48223329_indel  10  70.5032781 2.427313590
10_48939170_indel  10  71.8547085 2.951411419
10_49739345_indel  10  72.7097363 3.139142413
10_50555781_SNP    10  73.6467033 3.522432716
10_51301082_SNP    10  74.4742272 3.332674274
10_51917685_SNP    10  75.5034373 3.336485854
10_51933395_SNP    10  75.7187362 3.896455660
10_52241482_SNP    10  76.3729095 3.478117344
10_52317833_indel  10  77.2028348 3.372811812
10_52520368_SNP    10  78.0882097 2.405961391
10_52680008_SNP    10  78.9557152 1.973509915
10_52823689_indel  10  79.7698282 1.596329776
10_53128984_SNP    10  80.6562311 1.540244578
10_53453184_SNP    10  81.4650646 1.236794643
10_53797102_SNP    10  82.3295025 1.105135073
10_54037329_indel  10  83.2608933 1.112026941
10_54111672_SNP    10  84.1749009 1.109221471
10_54162411_SNP    10  85.2295521 0.954332546
10_54266322_SNP    10  86.2171958 1.045841770
10_54402947_SNP    10  87.2426260 1.309207045
10_54505906_indel  10  88.0893947 1.201613268
10_54908441_indel  10  88.9582783 1.018987225
10_55212116_SNP    10  89.8665233 0.748132174
10_55293417_SNP    10  90.9727618 0.965773840
10_55424383_SNP    10  92.6653039 0.733550004
10_55477029_SNP    10  93.5745163 0.676444703
10_55504795_SNP    10  95.2269907 0.567166993
10_55590204_indel  10  96.1728683 0.601650674
10_55715123_SNP    10  97.1320310 0.615455880
10_55818842_SNP    10  97.9601177 0.331628872
10_55920461_SNP    10  98.8053485 0.246554486
10_56014668_SNP    10 100.0292389 0.230083015
10_56135735_SNP    10 101.2047369 0.175908789
10_56271730_SNP    10 102.2085068 0.175908789
10_56450978_SNP    10 103.1303701 0.162083357
10_56642219_SNP    10 103.9643962 0.075981343
10_56784773_indel  10 104.8207021 0.075981343
10_56937372_indel  10 105.7641668 0.072523265
10_56937398_SNP    10 106.6001662 0.072523265
10_57032376_SNP    10 107.5579186 0.143096103
10_57122591_SNP    10 108.6408681 0.178562213
10_57281685_indel  10 109.4990024 0.195612094
10_57448231_SNP    10 110.6034343 0.385238978
10_57600325_SNP    10 111.5443157 0.089117011
10_57663744_indel  10 112.5536159 0.056210540
10_57840759_SNP    10 113.3942928 0.078807269
10_57962821_indel  10 114.5906972 0.160078984
10_58081628_SNP    10 115.4050588 0.169872906
10_58288752_SNP    10 116.5146110 0.161215212
10_58378203_indel  10 118.0346580 0.066875716
10_58555772_SNP    10 119.0100563 0.027279440
10_58720828_indel  10 119.9104803 0.015554075
10_59086390_SNP    10 120.9313250 0.026187294
10_59326382_SNP    10 122.0536273 0.019535668
10_59662724_indel  10 123.2427897 0.016505061
10_59746209_SNP    10 124.1826640 0.016637809
10_59831314_SNP    10 125.0839461 0.028785763
10_60054680_indel  10 126.1081170 0.028785763
10_60160441_SNP    10 127.1909130 0.021820666
10_60233952_SNP    10 128.1505502 0.008257025
10_60288475_SNP    10 128.9931754 0.005934289
10_60383548_SNP    10 130.1100476 0.051641646
10_60566557_SNP    10 131.2480348 0.057268265
10_60805294_SNP    10 132.9405296 0.030817731
10_60995346_SNP    10 133.9984479 0.030177115
10_61153381_SNP    10 135.0722147 0.044614239

