$`6@34.5`
                 chr        pos         lod
6_12943_indel      6   0.000001 1.078021326
6_247105_SNP       6   1.272634 1.151555876
6_383867_SNP       6   3.533648 1.281444536
6_453019_SNP       6   4.367040 1.170630525
6_534170_SNP       6   5.337766 1.234802732
6_1502691_SNP      6  10.695834 1.147351596
6_1595309_SNP      6  11.906185 0.878778178
6_1659583_SNP      6  13.034247 0.923854097
6_31573783_indel   6  23.933194 1.225857582
6_39208082_SNP     6  24.788783 1.241493286
6_40097072_SNP     6  26.223164 1.803158676
6_40493334_SNP     6  27.644516 2.450940933
6_42051620_SNP     6  28.550477 2.297406878
6_42085051_SNP     6  29.358664 2.646498086
6_42508419_SNP     6  30.673821 3.718628704
6_42667578_SNP     6  31.040059 3.743910600
6_42771012_SNP     6  31.593350 3.822098117
6_43304972_SNP     6  32.658204 3.976306382
6_43908700_SNP     6  33.571547 4.061906759
6_44369358_SNP     6  34.483286 4.204900424
6_44831606_SNP     6  36.605823 3.679117654
6_44971272_indel   6  37.507456 3.495590951
6_45025166_SNP     6  38.817693 2.164260859
6_45199796_SNP     6  39.688196 2.173495175
6_45491360_SNP     6  40.573771 2.295403695
6_45706034_SNP     6  41.467845 2.529185156
6_46017027_SNP     6  42.390913 2.828453459
6_46100258_SNP     6  43.195704 2.919301517
6_46560392_indel   6  44.288166 2.215555360
6_46768983_SNP     6  45.098857 2.262626731
6_47419607_SNP     6  45.932409 2.093130750
6_47700409_SNP     6  46.910146 1.526885925
6_48097150_indel   6  48.501324 1.307579778
6_48235961_SNP     6  49.305900 1.139838723
6_48451963_SNP     6  50.127893 1.289792172
6_48888283_indel   6  51.795708 0.602867850
6_49432919_SNP     6  52.672178 0.487388024
6_49796939_SNP     6  53.559466 0.293524736
6_50043846_SNP     6  54.780697 0.329715696
6_50325864_SNP     6  55.841904 0.232766455
6_50441886_SNP     6  56.897961 0.319011455
6_50756338_SNP     6  57.835625 0.472615881
6_50878497_SNP     6  58.770024 0.567914209
6_50972610_SNP     6  59.874137 0.598429037
6_51115424_SNP     6  60.777924 0.473843782
6_51237074_indel   6  62.070750 0.532798919
6_51708614_SNP     6  62.964710 0.294588058
6_51873624_indel   6  63.911329 0.334980722
6_51998613_SNP     6  64.723320 0.319841837
6_52200468_SNP     6  65.579775 0.311343964
6_52518637_SNP     6  66.495972 0.158673110
6_52603908_SNP     6  67.435806 0.100019909
6_52681622_SNP     6  68.242658 0.082789943
6_52793305_SNP     6  69.152800 0.043408658
6_53179211_SNP     6  69.996162 0.044826603
6_53324604_SNP     6  71.153287 0.061056035
6_53769180_indel   6  72.052854 0.023275265
6_53859177_SNP     6  72.857270 0.015127416
6_53977646_SNP     6  74.231868 0.056369589
6_54086970_indel   6  75.096093 0.071458547
6_54448719_indel   6  75.959100 0.048201793
6_54583073_SNP     6  76.784331 0.045618131
6_54754928_SNP     6  77.914897 0.021454465
6_54917744_SNP     6  78.742830 0.028069062
6_55081291_SNP     6  79.819299 0.064036746
6_55278568_indel   6  80.879107 0.064248937
6_55438950_SNP     6  81.731183 0.055693190
6_55635417_SNP     6  82.654999 0.025271660
6_55726866_SNP     6  83.463054 0.015468524
6_56004016_indel   6  84.353694 0.008564451
6_56156366_indel   6  85.309015 0.011714149
6_56340872_SNP     6  86.115922 0.012415220
6_56532147_SNP     6  86.929782 0.009715561
6_56790327_indel   6  87.809166 0.036400255
6_56953802_SNP     6  88.285335 0.039822807
6_56985605_indel   6  88.645779 0.064859651
6_57170566_indel   6  89.480611 0.055127588
6_57296677_SNP     6  90.452408 0.067750102
6_57564676_indel   6  91.265370 0.027937592
6_58036906_SNP     6  92.472880 0.122344661
6_58170876_SNP     6  93.630788 0.131838876
6_58336146_indel   6  94.480722 0.101180341
6_58525556_SNP     6  95.790586 0.016452262
6_58714638_SNP     6  97.178410 0.016304256
6_58853250_SNP     6  98.009646 0.043589250
6_59212163_SNP     6  99.084681 0.052616307
6_59269955_SNP     6 100.084688 0.131481296
6_59412540_indel   6 101.052365 0.145236510
6_59751871_SNP     6 101.897381 0.174771769
6_59886356_indel   6 102.814414 0.170058931
6_60195729_SNP     6 103.695342 0.103427307
6_60571190_indel   6 104.582185 0.020498453
6_60764821_SNP     6 105.568966 0.019975948
6_60840399_SNP     6 106.457219 0.026961665
6_61138591_SNP     6 107.460631 0.009533724
6_61182223_SNP     6 108.926941 0.011507068

$`7@73.2`
                 chr        pos         lod
7_86832_SNP        7   0.000000 0.079193820
7_279386_indel     7   1.705709 0.016449439
7_702009_SNP       7   3.012135 0.035445368
7_934029_indel     7   4.096955 0.016651113
7_1085826_SNP      7   4.928178 0.009227343
7_1247920_SNP      7   6.342841 0.010322136
7_1490343_indel    7   7.918102 0.006549973
7_1566966_indel    7   8.839650 0.008407056
7_1900694_indel    7   9.919507 0.012225103
7_2003767_SNP      7  11.375949 0.129184229
7_2113188_SNP      7  12.403503 0.113467515
7_2329647_SNP      7  13.453070 0.090261869
7_2519534_SNP      7  15.409925 0.181205657
7_2614779_SNP      7  16.237011 0.195740225
7_2789950_indel    7  17.119407 0.072403739
7_2930906_SNP      7  18.039552 0.225747183
7_3191438_SNP      7  19.298775 0.237480268
7_3235816_SNP      7  20.771622 0.315478153
7_3281084_SNP      7  21.594794 0.324720931
7_3640745_indel    7  23.180096 0.476905516
7_3752202_indel    7  24.041205 0.528918545
7_4251966_SNP      7  25.421178 0.768414806
7_4423904_SNP      7  26.731324 0.830625529
7_4520711_indel    7  27.533179 0.650827525
7_4660474_indel    7  28.919337 0.260672772
7_4945572_indel    7  31.283881 0.184854147
7_5157372_SNP      7  32.872531 0.292635060
7_5434727_indel    7  34.166934 0.311986979
7_5794229_SNP      7  35.529739 0.251247954
7_5810979_SNP      7  36.333687 0.448525291
7_5948166_SNP      7  37.144313 0.553770206
7_6217089_SNP      7  38.803642 0.586587164
7_6503230_SNP      7  39.820800 0.567706737
7_6721543_indel    7  41.229995 0.641292249
7_7008352_SNP      7  42.605761 0.808788041
7_7688785_SNP      7  43.864961 0.769241638
7_7878422_SNP      7  45.375104 0.841336987
7_8217299_indel    7  46.225483 0.836096568
7_8733123_indel    7  47.355472 0.853814459
7_8995240_SNP      7  48.269432 0.959921661
7_9716266_SNP      7  49.258539 0.639648288
7_10252023_SNP     7  50.093082 0.562780951
7_11697969_SNP     7  50.898856 0.469739606
7_28588571_SNP     7  51.797646 0.497779137
7_52167960_SNP     7  52.609388 0.496275658
7_53942747_SNP     7  53.584509 0.815255533
7_54787585_indel   7  54.473644 0.975486041
7_55989712_SNP     7  55.442691 1.602218260
7_56456345_indel   7  56.435245 1.939018695
7_56572890_SNP     7  57.412571 1.925089363
7_56921644_SNP     7  58.286508 2.119800683
7_57288688_SNP     7  59.352861 2.129542969
7_57417216_SNP     7  60.206701 2.230808859
7_57557880_SNP     7  61.292163 2.169522920
7_57704589_indel   7  62.118718 2.114304993
7_57954146_SNP     7  62.952823 2.281596943
7_58275627_SNP     7  63.931273 2.618235039
7_58340680_indel   7  64.777525 2.655978634
7_58476664_SNP     7  65.641870 3.362371083
7_58852992_SNP     7  67.180063 4.598612739
7_59051509_SNP     7  68.207113 5.269496856
7_59196977_SNP     7  69.399774 6.927053416
7_59277216_SNP     7  70.222928 7.204446075
7_59481526_SNP     7  71.169062 7.387889380
7_59505307_SNP     7  71.355232 7.378347710
7_59533447_SNP     7  71.977474 8.207352605
7_59631468_indel   7  72.896668 8.434723027
7_59654592_SNP     7  73.170787 8.728710848
7_59847033_indel   7  73.755778 8.444163049
7_59867828_SNP     7  73.865325 8.281767169
7_59991087_indel   7  75.342816 6.024587724
7_60193676_SNP     7  76.572473 5.916621173
7_60278391_SNP     7  77.585143 5.473864276
7_60470668_SNP     7  78.549843 5.240956352
7_60945971_SNP     7  79.468015 4.563395222
7_61098841_SNP     7  80.584652 2.642186275
7_61192329_indel   7  82.071048 2.643465742
7_61403499_SNP     7  83.138148 2.391693994
7_61479012_SNP     7  83.966120 1.899939225
7_61642296_SNP     7  84.795520 2.176735716
7_62033499_SNP     7  85.690130 1.755174973
7_62132237_SNP     7  86.626701 1.319713322
7_62308835_SNP     7  87.438139 1.477318469
7_62451181_indel   7  88.369401 1.678090672
7_62472296_SNP     7  89.191903 1.885725431
7_62618928_indel   7  90.182912 1.775187634
7_62861600_SNP     7  90.987742 0.801544520
7_62964467_SNP     7  91.839150 0.688722643
7_62984265_indel   7  92.639767 0.699736710
7_63129587_SNP     7  93.826035 0.644674502
7_63450119_SNP     7  94.812028 0.679725160
7_63570480_SNP     7  95.637549 0.739597000
7_63682011_SNP     7  96.507160 0.473835517
7_63752332_SNP     7  97.535385 0.635220487
7_63986311_indel   7  98.533908 0.614838668
7_64035577_SNP     7  99.458940 0.438942396
7_64067745_indel   7 100.282638 0.319086438
7_64255840_SNP     7 101.092487 0.305301142
7_64606266_SNP     7 102.434533 0.322838652
7_64857800_SNP     7 103.408469 0.169965511
7_65401746_SNP     7 105.103999 0.497137023
7_65435009_SNP     7 105.946380 0.511007468

