$`4@115.9`
                 chr         pos          lod
4_86750_SNP        4   0.0000000 0.0266999587
4_250258_indel     4   0.9010534 0.0126829115
4_453323_indel     4   1.7272005 0.0080362058
4_774112_SNP       4   2.6962642 0.0060146573
4_869419_SNP       4   3.5034669 0.0011061386
4_1000979_SNP      4   4.3892644 0.0015645669
4_1162816_SNP      4   5.6056404 0.0384232955
4_1248675_indel    4   6.4973240 0.0482640704
4_1484380_indel    4   7.6407711 0.0277995203
4_1911991_SNP      4   9.0229812 0.0002968745
4_1971639_SNP      4   9.8250490 0.0139555408
4_2011598_SNP      4  11.4339593 0.0083936213
4_2297294_indel    4  12.4239182 0.0041095175
4_2448205_SNP      4  13.3491255 0.0037384411
4_2781098_SNP      4  14.4071091 0.0068145815
4_2905638_SNP      4  15.7508072 0.0190300493
4_3215890_SNP      4  17.5309340 0.0095616414
4_3380971_SNP      4  19.2941261 0.0564504734
4_3505130_indel    4  20.8492675 0.1103959454
4_3571112_SNP      4  22.1397065 0.1774343278
4_3856203_SNP      4  23.3838546 0.2884066081
4_4108963_SNP      4  24.4907674 0.3853138873
4_4213107_SNP      4  25.3141999 0.3788036430
4_4288435_SNP      4  26.4788566 0.6219170734
4_4520983_SNP      4  28.2726968 0.6320338016
4_4567300_indel    4  29.1165005 0.7085837846
4_4631748_indel    4  29.9915138 0.6990126122
4_4729139_indel    4  31.1114674 0.6722312018
4_4905104_indel    4  32.1497350 0.4021409900
4_5089207_SNP      4  33.1535164 0.2728385737
4_5190509_SNP      4  34.1151046 0.4061899321
4_5349138_indel    4  35.1941471 0.3335361335
4_5426773_indel    4  36.1099457 0.2923853096
4_5572177_SNP      4  37.0074811 0.3151048365
4_5840694_indel    4  37.8573105 0.3137209375
4_6017776_SNP      4  38.9399300 0.2741025490
4_6417903_SNP      4  40.6479515 0.1484383847
4_6677094_SNP      4  41.4625464 0.1429401292
4_6908227_SNP      4  42.8111535 0.1003821612
4_7179009_SNP      4  43.9737402 0.1170814046
4_7264484_SNP      4  44.7991293 0.1471258724
4_7548747_SNP      4  45.6193824 0.0758618395
4_7843776_SNP      4  46.4317334 0.1216456568
4_8009884_SNP      4  47.6377732 0.1213071789
4_8253493_SNP      4  48.5852272 0.1265492141
4_8442832_SNP      4  50.1629727 0.1617088717
4_8468936_indel    4  51.0867571 0.1494491160
4_8602912_SNP      4  52.7181431 0.0975353606
4_8867669_indel    4  54.2201618 0.3761090237
4_9110689_SNP      4  55.7633687 0.1065048039
4_9491923_SNP      4  56.7096905 0.0792557484
4_9906320_SNP      4  57.7700648 0.0560171538
4_10311589_indel   4  58.7908568 0.1908147869
4_11408726_indel   4  59.8573673 0.3389725001
4_12228676_indel   4  60.8750475 0.2496330667
4_13591587_SNP     4  61.9340817 0.2939247122
4_46852324_indel   4  63.0615934 0.2534429090
4_48614322_SNP     4  63.9463722 0.3536901557
4_49481297_SNP     4  64.8498118 0.4460972996
4_50253134_indel   4  65.8078473 0.4883738515
4_50666147_SNP     4  67.0563958 0.5039974944
4_51212119_SNP     4  68.4778745 0.4404894305
4_51335553_SNP     4  69.6930494 0.4615777186
4_51424903_indel   4  70.6453252 0.3427721094
4_51490709_SNP     4  71.5950940 0.3704991441
4_51652701_SNP     4  72.4758662 0.3641374448
4_51925155_SNP     4  73.5189981 0.3876203758
4_54209068_indel   4  82.3733047 0.6485143160
4_54397210_SNP     4  83.3657768 0.6478987425
4_54801117_indel   4  84.3783283 0.9928317274
4_55312647_SNP     4  85.3026612 0.9310444664
4_55625524_SNP     4  86.3965658 0.9236141084
4_55841452_SNP     4  87.3722383 0.8960725172
4_56103796_indel   4  88.3129310 1.6165250317
4_56727509_SNP     4  89.2355893 0.6645639387
4_57040582_SNP     4  90.6120448 0.7622667779
4_57114887_SNP     4  91.5042818 1.4153449453
4_57484208_SNP     4  92.3081833 1.2384166528
4_57641039_SNP     4  93.2182231 1.2905978418
4_57913281_SNP     4  94.0699056 1.3780531297
4_58138247_SNP     4  94.9368660 1.3802144389
4_58385817_SNP     4  95.9496751 1.2551120024
4_58649860_SNP     4  96.7774182 1.3006803544
4_59085327_SNP     4  97.8287937 1.3074460353
4_59432869_SNP     4  99.0018818 1.2657141313
4_59499463_SNP     4  99.8835780 0.8934532171
4_59578963_SNP     4 100.7519568 0.9148901174
4_59714027_SNP     4 101.6215550 0.8352053156
4_60098883_indel   4 102.4962074 0.8713281230
4_60264623_indel   4 103.3302928 0.6248380065
4_60662228_SNP     4 104.2078736 0.5920802555
4_60890566_SNP     4 105.0422690 0.6823003522
4_61132126_SNP     4 106.1613281 1.1528999889
4_61400733_SNP     4 107.0574459 1.1775384639
4_61602757_SNP     4 107.9872511 1.8269862551
4_61809702_indel   4 108.7878739 1.7971879656
4_62066670_SNP     4 109.7731368 1.8545960959
4_62222789_SNP     4 110.6239330 2.1440925578
4_62348827_SNP     4 111.4513335 2.6037702984
4_62448585_indel   4 112.3630268 3.4321593885
4_62452179_indel   4 112.7435323 3.4780764084
4_62599717_SNP     4 113.8778271 3.7227231022
4_62694340_indel   4 114.7871722 3.6882335105
4_62834413_SNP     4 115.5520040 3.6941218052
4_62889512_SNP     4 115.8517902 3.8951134258
4_62906270_SNP     4 115.9668936 3.8951134258
4_62982569_SNP     4 116.7363125 3.3479868730
4_63232891_indel   4 117.7419735 3.2751026484
4_63395714_SNP     4 118.6698948 3.0801955401
4_63524531_SNP     4 119.5241019 3.1679604476
4_63749683_SNP     4 120.7971689 2.9793884318
4_63849561_SNP     4 121.6733554 2.7926208865
4_63907675_SNP     4 122.5127516 2.4106204534
4_64002820_indel   4 123.5056688 2.1366120497
4_64090182_SNP     4 124.6525916 1.4524307818
4_64339833_SNP     4 125.5122809 1.5744839504
4_64425951_SNP     4 126.3434913 0.8685261230
4_64542954_indel   4 127.2326589 0.5121188882
4_64634747_SNP     4 128.0334672 0.5188054823
4_64740215_SNP     4 128.8603776 0.4290696797
4_65129253_SNP     4 129.9736430 0.1882128699
4_65303115_SNP     4 131.0692928 0.1883898985
4_65408187_indel   4 131.9225993 0.1883898985
4_65555695_SNP     4 132.9383357 0.1338008474
4_65673301_indel   4 133.9763576 0.1035181854
4_65878351_indel   4 134.8711597 0.1085531663
4_66178825_SNP     4 135.9249562 0.0730238176
4_66294205_SNP     4 136.7634172 0.0896319071
4_66447927_indel   4 137.8644203 0.0957478225
4_66623395_SNP     4 138.6705966 0.1239481122
4_67061663_indel   4 139.7776114 0.2146996589
4_67248453_SNP     4 140.7957038 0.3069051263
4_67545811_SNP     4 141.9005822 0.2753147019
4_67796392_SNP     4 142.7999723 0.2705732937
4_68134966_SNP     4 143.7638495 0.2716598561
4_68263635_SNP     4 144.5705466 0.2693689017

