$`10@46.1`
                  chr         pos         lod
10_47200_SNP       10   0.2191863 0.156976932
10_594536_SNP      10   1.0247762 0.136418525
10_790567_SNP      10   2.1945863 0.064656003
10_1145111_SNP     10   3.3470441 0.067988679
10_1226278_SNP     10   4.3857027 0.051099190
10_1312449_indel   10   5.6286834 0.009496744
10_1552816_SNP     10   6.4489449 0.030254204
10_1674278_SNP     10   7.2736948 0.052310305
10_1769194_SNP     10   8.1189316 0.082003650
10_1865539_SNP     10   8.9836808 0.115095675
10_2003120_SNP     10   9.6604699 0.131217826
10_2029603_SNP     10   9.8808643 0.138085576
10_2239990_SNP     10  11.0910983 0.032421667
10_2256759_indel   10  11.9656355 0.037238330
10_2291876_SNP     10  13.3097240 0.090774206
10_2342917_SNP     10  14.2210039 0.066437801
10_2443743_SNP     10  15.2236201 0.085804952
10_2503103_SNP     10  16.3640202 0.043792694
10_2567493_SNP     10  17.3953041 0.055284733
10_2674120_indel   10  18.8476408 0.076555803
10_2779866_SNP     10  19.7505478 0.077854249
10_3006777_SNP     10  20.7382908 0.153653331
10_3320221_indel   10  21.8529677 0.696380859
10_3455212_indel   10  22.9074169 0.539175624
10_3566551_indel   10  23.9432494 0.525926410
10_3628687_indel   10  24.8534661 0.528479975
10_3663606_indel   10  26.0990743 0.607397964
10_3848790_SNP     10  27.3450615 0.705507341
10_4093608_SNP     10  28.3908662 0.700262883
10_4274949_SNP     10  29.4622687 0.632884179
10_4471639_SNP     10  30.2787808 0.389455253
10_4611354_SNP     10  31.1863116 0.415461182
10_4709177_SNP     10  32.8978663 0.519415020
10_4990537_SNP     10  34.1026263 1.195214874
10_5061840_SNP     10  35.0712593 1.217529805
10_5125666_indel   10  35.9501492 1.659090903
10_5267950_SNP     10  36.8487913 1.779758785
10_5551100_SNP     10  38.4079812 2.853697706
10_5630305_SNP     10  38.8187219 3.071794758
10_5718670_SNP     10  39.1510865 2.938813675
10_5777799_indel   10  39.4007780 2.644333575
10_5958042_indel   10  40.4125029 2.698616825
10_6305244_SNP     10  41.4975018 2.806399345
10_6375702_SNP     10  42.4247701 2.827563784
10_6503777_SNP     10  43.2794217 2.859097164
10_6540182_indel   10  44.2038153 2.884299083
10_6608620_SNP     10  45.2254514 3.049579198
10_6849217_SNP     10  46.0851206 3.552653860
10_6968093_SNP     10  46.2997246 3.552653860
10_7213116_SNP     10  47.1698723 3.326892538
10_7462982_SNP     10  48.0351301 2.828506228
10_7478172_SNP     10  48.2669376 2.738206490
10_7591072_SNP     10  49.2713690 2.355732808
10_7605843_indel   10  50.7223121 2.377378131
10_7770954_indel   10  52.7117465 2.510221187
10_7800452_SNP     10  54.1448857 2.413448100
10_7865192_SNP     10  55.2440590 2.473701483
10_8206247_SNP     10  56.3777119 2.231092984
10_8595206_SNP     10  57.4208188 2.040280365
10_8856482_SNP     10  58.2483906 1.973441282
10_8920667_indel   10  59.2568438 1.951233583
10_9375593_SNP     10  60.0598440 1.937645143
10_9577930_indel   10  60.8743461 1.918084690
10_9860336_indel   10  61.8893552 1.794901334
10_10237912_SNP    10  62.7750207 2.222688533
10_10899170_SNP    10  63.6182024 2.586519321
10_11824744_SNP    10  64.4478223 2.581057594
10_12624151_SNP    10  65.2683047 2.547143579
10_14147010_indel  10  66.1020990 2.459452306
10_15907892_SNP    10  67.0560462 2.402619268
10_16971949_SNP    10  67.8666690 2.357052485
10_19544448_SNP    10  68.7864372 2.415040388
10_47766289_indel  10  69.6848226 2.212038142
10_48223329_indel  10  70.5032781 1.861983684
10_48939170_indel  10  71.8547085 1.986149615
10_49739345_indel  10  72.7097363 1.635988616
10_50555781_SNP    10  73.6467033 1.737933340
10_51301082_SNP    10  74.4742272 1.833574380
10_51917685_SNP    10  75.5034373 1.832781913
10_51933395_SNP    10  75.7187362 2.589057510
10_52241482_SNP    10  76.3729095 2.070120046
10_52317833_indel  10  77.2028348 1.912625241
10_52520368_SNP    10  78.0882097 1.433628866
10_52680008_SNP    10  78.9557152 0.934558838
10_52823689_indel  10  79.7698282 0.659346753
10_53128984_SNP    10  80.6562311 0.658837383
10_53453184_SNP    10  81.4650646 0.522933688
10_53797102_SNP    10  82.3295025 0.565849769
10_54037329_indel  10  83.2608933 0.761098387
10_54111672_SNP    10  84.1749009 0.879091284
10_54162411_SNP    10  85.2295521 0.721936304
10_54266322_SNP    10  86.2171958 0.746940953
10_54402947_SNP    10  87.2426260 0.991664434
10_54505906_indel  10  88.0893947 0.959420637
10_54908441_indel  10  88.9582783 0.832967588
10_55212116_SNP    10  89.8665233 0.756642132
10_55293417_SNP    10  90.9727618 0.921944030
10_55424383_SNP    10  92.6653039 0.784321766
10_55477029_SNP    10  93.5745163 0.762264463
10_55504795_SNP    10  95.2269907 0.774463659
10_55590204_indel  10  96.1728683 0.811682180
10_55715123_SNP    10  97.1320310 0.694560437
10_55818842_SNP    10  97.9601177 0.372137559
10_55920461_SNP    10  98.8053485 0.341997940
10_56014668_SNP    10 100.0292389 0.322964669
10_56135735_SNP    10 101.2047369 0.277880809
10_56271730_SNP    10 102.2085068 0.271705357
10_56450978_SNP    10 103.1303701 0.242852832
10_56642219_SNP    10 103.9643962 0.145397773
10_56784773_indel  10 104.8207021 0.145397773
10_56937372_indel  10 105.7641668 0.145574906
10_56937398_SNP    10 106.6001662 0.145574906
10_57032376_SNP    10 107.5579186 0.100201731
10_57122591_SNP    10 108.6408681 0.065730274
10_57281685_indel  10 109.4990024 0.080322244
10_57448231_SNP    10 110.6034343 0.251270925
10_57600325_SNP    10 111.5443157 0.063834631
10_57663744_indel  10 112.5536159 0.045749553
10_57840759_SNP    10 113.3942928 0.089290663
10_57962821_indel  10 114.5906972 0.280154188
10_58081628_SNP    10 115.4050588 0.258452406
10_58288752_SNP    10 116.5146110 0.190583293
10_58378203_indel  10 118.0346580 0.045655521
10_58555772_SNP    10 119.0100563 0.006482437
10_58720828_indel  10 119.9104803 0.004328119
10_59086390_SNP    10 120.9313250 0.001831403
10_59326382_SNP    10 122.0536273 0.003443105
10_59662724_indel  10 123.2427897 0.002772307
10_59746209_SNP    10 124.1826640 0.020309720
10_59831314_SNP    10 125.0839461 0.041032604
10_60054680_indel  10 126.1081170 0.040397780
10_60160441_SNP    10 127.1909130 0.011157920
10_60233952_SNP    10 128.1505502 0.001383034
10_60288475_SNP    10 128.9931754 0.001970951
10_60383548_SNP    10 130.1100476 0.018604890
10_60566557_SNP    10 131.2480348 0.018892992
10_60805294_SNP    10 132.9405296 0.034347277
10_60995346_SNP    10 133.9984479 0.055227291
10_61153381_SNP    10 135.0722147 0.045508293

