$`10@48.0`
                  chr         pos          lod
10_47200_SNP       10   0.2191863 0.1055410318
10_594536_SNP      10   1.0247762 0.1038655609
10_790567_SNP      10   2.1945863 0.2196005505
10_1145111_SNP     10   3.3470441 0.3245103836
10_1226278_SNP     10   4.3857027 0.5109257930
10_1312449_indel   10   5.6286834 0.8412179700
10_1552816_SNP     10   6.4489449 0.9737984060
10_1674278_SNP     10   7.2736948 1.0684769663
10_1769194_SNP     10   8.1189316 1.3601386031
10_1865539_SNP     10   8.9836808 1.7970076979
10_2003120_SNP     10   9.6604699 1.8468985057
10_2029603_SNP     10   9.8808643 1.8607531201
10_2239990_SNP     10  11.0910983 1.2181171564
10_2256759_indel   10  11.9656355 1.1856037934
10_2291876_SNP     10  13.3097240 1.4336487468
10_2342917_SNP     10  14.2210039 1.2696034964
10_2443743_SNP     10  15.2236201 1.3699182127
10_2503103_SNP     10  16.3640202 1.1610261400
10_2567493_SNP     10  17.3953041 1.2183944637
10_2674120_indel   10  18.8476408 1.2403081826
10_2779866_SNP     10  19.7505478 1.1803153003
10_3006777_SNP     10  20.7382908 0.8641905505
10_3320221_indel   10  21.8529677 1.1154049640
10_3455212_indel   10  22.9074169 0.9962610659
10_3566551_indel   10  23.9432494 1.0459159105
10_3628687_indel   10  24.8534661 1.0903309846
10_3663606_indel   10  26.0990743 0.9071188591
10_3848790_SNP     10  27.3450615 1.1799728548
10_4093608_SNP     10  28.3908662 1.1995520560
10_4274949_SNP     10  29.4622687 1.1526405099
10_4471639_SNP     10  30.2787808 0.8693629605
10_4611354_SNP     10  31.1863116 1.0332820983
10_4709177_SNP     10  32.8978663 1.0616896799
10_4990537_SNP     10  34.1026263 1.6770094878
10_5061840_SNP     10  35.0712593 1.7834765177
10_5125666_indel   10  35.9501492 2.2085969939
10_5267950_SNP     10  36.8487913 2.3333391091
10_5551100_SNP     10  38.4079812 5.1495234215
10_5630305_SNP     10  38.8187219 4.9439592423
10_5718670_SNP     10  39.1510865 4.5473588813
10_5777799_indel   10  39.4007780 4.9160704847
10_5958042_indel   10  40.4125029 4.9816214220
10_6305244_SNP     10  41.4975018 4.8665782954
10_6375702_SNP     10  42.4247701 4.6559257334
10_6503777_SNP     10  43.2794217 4.6258639042
10_6540182_indel   10  44.2038153 4.8679583489
10_6608620_SNP     10  45.2254514 5.1753092355
10_6849217_SNP     10  46.0851206 5.0404025590
10_6968093_SNP     10  46.2997246 5.0404025590
10_7213116_SNP     10  47.1698723 5.1413790352
10_7462982_SNP     10  48.0351301 5.6766589086
10_7478172_SNP     10  48.2669376 5.4021976877
10_7591072_SNP     10  49.2713690 4.0511455658
10_7605843_indel   10  50.7223121 3.9743550697
10_7770954_indel   10  52.7117465 3.9342548440
10_7800452_SNP     10  54.1448857 3.3074555706
10_7865192_SNP     10  55.2440590 3.4748788686
10_8206247_SNP     10  56.3777119 3.1670626677
10_8595206_SNP     10  57.4208188 3.0178324511
10_8856482_SNP     10  58.2483906 2.7759218304
10_8920667_indel   10  59.2568438 2.7032672525
10_9375593_SNP     10  60.0598440 2.6407318225
10_9577930_indel   10  60.8743461 2.5833631028
10_9860336_indel   10  61.8893552 2.9357905492
10_10237912_SNP    10  62.7750207 3.7112653278
10_10899170_SNP    10  63.6182024 3.3560707428
10_11824744_SNP    10  64.4478223 3.3593397572
10_12624151_SNP    10  65.2683047 3.3194854141
10_14147010_indel  10  66.1020990 3.4388546916
10_15907892_SNP    10  67.0560462 3.3992087724
10_16971949_SNP    10  67.8666690 3.3508978197
10_19544448_SNP    10  68.7864372 3.4995100523
10_47766289_indel  10  69.6848226 3.4580425574
10_48223329_indel  10  70.5032781 3.6996049253
10_48939170_indel  10  71.8547085 3.6522777949
10_49739345_indel  10  72.7097363 3.0915137689
10_50555781_SNP    10  73.6467033 3.0634444179
10_51301082_SNP    10  74.4742272 2.6212471524
10_51917685_SNP    10  75.5034373 2.6203450647
10_51933395_SNP    10  75.7187362 2.8610353510
10_52241482_SNP    10  76.3729095 2.9750736375
10_52317833_indel  10  77.2028348 3.0243674884
10_52520368_SNP    10  78.0882097 2.1729022715
10_52680008_SNP    10  78.9557152 1.7388400106
10_52823689_indel  10  79.7698282 1.3937859664
10_53128984_SNP    10  80.6562311 1.4216502292
10_53453184_SNP    10  81.4650646 1.2077915272
10_53797102_SNP    10  82.3295025 1.1117237883
10_54037329_indel  10  83.2608933 0.9507722385
10_54111672_SNP    10  84.1749009 0.8609445206
10_54162411_SNP    10  85.2295521 0.8865603763
10_54266322_SNP    10  86.2171958 0.9276599530
10_54402947_SNP    10  87.2426260 1.1479976627
10_54505906_indel  10  88.0893947 1.4130638778
10_54908441_indel  10  88.9582783 1.3935606043
10_55212116_SNP    10  89.8665233 1.5810283483
10_55293417_SNP    10  90.9727618 1.9569102357
10_55424383_SNP    10  92.6653039 1.6780753294
10_55477029_SNP    10  93.5745163 1.5949091852
10_55504795_SNP    10  95.2269907 1.6424130335
10_55590204_indel  10  96.1728683 1.6426589804
10_55715123_SNP    10  97.1320310 1.7252648426
10_55818842_SNP    10  97.9601177 0.8800595227
10_55920461_SNP    10  98.8053485 0.7173394363
10_56014668_SNP    10 100.0292389 0.7277596232
10_56135735_SNP    10 101.2047369 0.6656334359
10_56271730_SNP    10 102.2085068 0.6689103976
10_56450978_SNP    10 103.1303701 0.7380333097
10_56642219_SNP    10 103.9643962 0.3896243650
10_56784773_indel  10 104.8207021 0.3896243650
10_56937372_indel  10 105.7641668 0.3870568726
10_56937398_SNP    10 106.6001662 0.3870568726
10_57032376_SNP    10 107.5579186 0.6084314636
10_57122591_SNP    10 108.6408681 0.4773291230
10_57281685_indel  10 109.4990024 0.5126735844
10_57448231_SNP    10 110.6034343 0.9172864786
10_57600325_SNP    10 111.5443157 0.4485755301
10_57663744_indel  10 112.5536159 0.3828665285
10_57840759_SNP    10 113.3942928 0.3919858227
10_57962821_indel  10 114.5906972 0.4520177269
10_58081628_SNP    10 115.4050588 0.4607594481
10_58288752_SNP    10 116.5146110 0.4452920255
10_58378203_indel  10 118.0346580 0.2567480319
10_58555772_SNP    10 119.0100563 0.2798115920
10_58720828_indel  10 119.9104803 0.2994953193
10_59086390_SNP    10 120.9313250 0.2262620678
10_59326382_SNP    10 122.0536273 0.2325644894
10_59662724_indel  10 123.2427897 0.2377893976
10_59746209_SNP    10 124.1826640 0.1118453272
10_59831314_SNP    10 125.0839461 0.0981612739
10_60054680_indel  10 126.1081170 0.0981612739
10_60160441_SNP    10 127.1909130 0.1002822196
10_60233952_SNP    10 128.1505502 0.0761004983
10_60288475_SNP    10 128.9931754 0.0545988288
10_60383548_SNP    10 130.1100476 0.0612383896
10_60566557_SNP    10 131.2480348 0.0035946858
10_60805294_SNP    10 132.9405296 0.0568171382
10_60995346_SNP    10 133.9984479 0.0006351465
10_61153381_SNP    10 135.0722147 0.0027425195

