$`7@72.0`
                 chr        pos        lod
7_86832_SNP        7   0.000000 0.39447587
7_279386_indel     7   1.705709 0.22306732
7_702009_SNP       7   3.012135 0.06413116
7_934029_indel     7   4.096955 0.03207158
7_1085826_SNP      7   4.928178 0.02180864
7_1247920_SNP      7   6.342841 0.01264236
7_1490343_indel    7   7.918102 0.02267325
7_1566966_indel    7   8.839650 0.01772443
7_1900694_indel    7   9.919507 0.01559026
7_2003767_SNP      7  11.375949 0.01661498
7_2113188_SNP      7  12.403503 0.01931307
7_2329647_SNP      7  13.453070 0.01509002
7_2519534_SNP      7  15.409925 0.01877885
7_2614779_SNP      7  16.237011 0.02850966
7_2789950_indel    7  17.119407 0.01488758
7_2930906_SNP      7  18.039552 0.02186733
7_3191438_SNP      7  19.298775 0.04484793
7_3235816_SNP      7  20.771622 0.06492173
7_3281084_SNP      7  21.594794 0.07203928
7_3640745_indel    7  23.180096 0.10153739
7_3752202_indel    7  24.041205 0.14832640
7_4251966_SNP      7  25.421178 0.22779210
7_4423904_SNP      7  26.731324 0.44800479
7_4520711_indel    7  27.533179 0.34240685
7_4660474_indel    7  28.919337 0.09665243
7_4945572_indel    7  31.283881 0.07078300
7_5157372_SNP      7  32.872531 0.28474173
7_5434727_indel    7  34.166934 0.36505987
7_5794229_SNP      7  35.529739 0.39293197
7_5810979_SNP      7  36.333687 0.53701257
7_5948166_SNP      7  37.144313 0.44724004
7_6217089_SNP      7  38.803642 0.32092667
7_6503230_SNP      7  39.820800 0.28082841
7_6721543_indel    7  41.229995 0.43258227
7_7008352_SNP      7  42.605761 0.44705556
7_7688785_SNP      7  43.864961 0.49871288
7_7878422_SNP      7  45.375104 0.60113679
7_8217299_indel    7  46.225483 0.65757220
7_8733123_indel    7  47.355472 0.66629079
7_8995240_SNP      7  48.269432 0.86870156
7_9716266_SNP      7  49.258539 0.87109171
7_10252023_SNP     7  50.093082 0.97892984
7_11697969_SNP     7  50.898856 0.90196684
7_28588571_SNP     7  51.797646 0.90511254
7_52167960_SNP     7  52.609388 0.94402808
7_53942747_SNP     7  53.584509 1.01910401
7_54787585_indel   7  54.473644 1.07557906
7_55989712_SNP     7  55.442691 1.63916510
7_56456345_indel   7  56.435245 2.37620117
7_56572890_SNP     7  57.412571 2.44645606
7_56921644_SNP     7  58.286508 2.82963165
7_57288688_SNP     7  59.352861 2.81037509
7_57417216_SNP     7  60.206701 3.19584216
7_57557880_SNP     7  61.292163 3.28591163
7_57704589_indel   7  62.118718 3.22474316
7_57954146_SNP     7  62.952823 3.59902131
7_58275627_SNP     7  63.931273 4.01410046
7_58340680_indel   7  64.777525 4.12076954
7_58476664_SNP     7  65.641870 4.50750852
7_58852992_SNP     7  67.180063 5.62377411
7_59051509_SNP     7  68.207113 6.76539567
7_59196977_SNP     7  69.399774 8.28067866
7_59277216_SNP     7  70.222928 8.72151012
7_59481526_SNP     7  71.169062 9.27850595
7_59505307_SNP     7  71.355232 8.95117221
7_59533447_SNP     7  71.977474 9.66905414
7_59631468_indel   7  72.896668 9.52717677
7_59654592_SNP     7  73.170787 9.53558982
7_59847033_indel   7  73.755778 9.31214565
7_59867828_SNP     7  73.865325 9.31935385
7_59991087_indel   7  75.342816 6.74014463
7_60193676_SNP     7  76.572473 6.04281836
7_60278391_SNP     7  77.585143 5.61731559
7_60470668_SNP     7  78.549843 4.72460457
7_60945971_SNP     7  79.468015 3.85068613
7_61098841_SNP     7  80.584652 2.19496381
7_61192329_indel   7  82.071048 2.25432642
7_61403499_SNP     7  83.138148 2.34314689
7_61479012_SNP     7  83.966120 1.88275825
7_61642296_SNP     7  84.795520 2.06511920
7_62033499_SNP     7  85.690130 1.89783413
7_62132237_SNP     7  86.626701 1.41625564
7_62308835_SNP     7  87.438139 1.46308226
7_62451181_indel   7  88.369401 1.41158101
7_62472296_SNP     7  89.191903 1.29341252
7_62618928_indel   7  90.182912 1.29700602
7_62861600_SNP     7  90.987742 0.60438046
7_62964467_SNP     7  91.839150 0.62217931
7_62984265_indel   7  92.639767 0.62398036
7_63129587_SNP     7  93.826035 0.53251416
7_63450119_SNP     7  94.812028 0.50786129
7_63570480_SNP     7  95.637549 0.65730240
7_63682011_SNP     7  96.507160 0.35560897
7_63752332_SNP     7  97.535385 0.48780039
7_63986311_indel   7  98.533908 0.45112801
7_64035577_SNP     7  99.458940 0.35491312
7_64067745_indel   7 100.282638 0.27853073
7_64255840_SNP     7 101.092487 0.29190705
7_64606266_SNP     7 102.434533 0.28208033
7_64857800_SNP     7 103.408469 0.19523790
7_65401746_SNP     7 105.103999 0.61688024
7_65435009_SNP     7 105.946380 0.66287610

$`10@76.4`
                  chr         pos        lod
10_47200_SNP       10   0.2191863 0.23550584
10_594536_SNP      10   1.0247762 0.22664246
10_790567_SNP      10   2.1945863 0.07695134
10_1145111_SNP     10   3.3470441 0.01905087
10_1226278_SNP     10   4.3857027 0.01792279
10_1312449_indel   10   5.6286834 0.23969878
10_1552816_SNP     10   6.4489449 0.32561562
10_1674278_SNP     10   7.2736948 0.53940889
10_1769194_SNP     10   8.1189316 0.68037400
10_1865539_SNP     10   8.9836808 0.62143632
10_2003120_SNP     10   9.6604699 0.65644243
10_2029603_SNP     10   9.8808643 0.65662740
10_2239990_SNP     10  11.0910983 0.39331349
10_2256759_indel   10  11.9656355 0.39212760
10_2291876_SNP     10  13.3097240 0.42827436
10_2342917_SNP     10  14.2210039 0.58666122
10_2443743_SNP     10  15.2236201 0.62582623
10_2503103_SNP     10  16.3640202 0.65076172
10_2567493_SNP     10  17.3953041 0.65771656
10_2674120_indel   10  18.8476408 0.62627078
10_2779866_SNP     10  19.7505478 0.62772836
10_3006777_SNP     10  20.7382908 0.76106489
10_3320221_indel   10  21.8529677 0.53397400
10_3455212_indel   10  22.9074169 0.42649752
10_3566551_indel   10  23.9432494 0.41951515
10_3628687_indel   10  24.8534661 0.48184185
10_3663606_indel   10  26.0990743 0.38392065
10_3848790_SNP     10  27.3450615 0.32467740
10_4093608_SNP     10  28.3908662 0.32552177
10_4274949_SNP     10  29.4622687 0.30041553
10_4471639_SNP     10  30.2787808 0.22234849
10_4611354_SNP     10  31.1863116 0.21857560
10_4709177_SNP     10  32.8978663 0.19038537
10_4990537_SNP     10  34.1026263 0.53555229
10_5061840_SNP     10  35.0712593 0.51805660
10_5125666_indel   10  35.9501492 0.58876465
10_5267950_SNP     10  36.8487913 0.59895567
10_5551100_SNP     10  38.4079812 1.20023248
10_5630305_SNP     10  38.8187219 1.48753245
10_5718670_SNP     10  39.1510865 1.37996209
10_5777799_indel   10  39.4007780 1.36655769
10_5958042_indel   10  40.4125029 1.38611989
10_6305244_SNP     10  41.4975018 1.44713081
10_6375702_SNP     10  42.4247701 1.37986404
10_6503777_SNP     10  43.2794217 1.36965483
10_6540182_indel   10  44.2038153 1.56008252
10_6608620_SNP     10  45.2254514 2.02272721
10_6849217_SNP     10  46.0851206 1.82804851
10_6968093_SNP     10  46.2997246 1.82804851
10_7213116_SNP     10  47.1698723 1.73339993
10_7462982_SNP     10  48.0351301 1.72138542
10_7478172_SNP     10  48.2669376 1.71472252
10_7591072_SNP     10  49.2713690 1.05607139
10_7605843_indel   10  50.7223121 1.09304303
10_7770954_indel   10  52.7117465 1.20040398
10_7800452_SNP     10  54.1448857 1.20284981
10_7865192_SNP     10  55.2440590 1.33763616
10_8206247_SNP     10  56.3777119 1.26872084
10_8595206_SNP     10  57.4208188 0.83794873
10_8856482_SNP     10  58.2483906 0.86307860
10_8920667_indel   10  59.2568438 0.90571059
10_9375593_SNP     10  60.0598440 0.88532927
10_9577930_indel   10  60.8743461 0.85988937
10_9860336_indel   10  61.8893552 1.03585310
10_10237912_SNP    10  62.7750207 1.34711840
10_10899170_SNP    10  63.6182024 1.92369132
10_11824744_SNP    10  64.4478223 1.92457062
10_12624151_SNP    10  65.2683047 1.91770597
10_14147010_indel  10  66.1020990 1.57629405
10_15907892_SNP    10  67.0560462 1.57254094
10_16971949_SNP    10  67.8666690 1.56092117
10_19544448_SNP    10  68.7864372 1.56326108
10_47766289_indel  10  69.6848226 1.77580550
10_48223329_indel  10  70.5032781 1.94181650
10_48939170_indel  10  71.8547085 2.39048570
10_49739345_indel  10  72.7097363 2.44717139
10_50555781_SNP    10  73.6467033 2.91924314
10_51301082_SNP    10  74.4742272 3.00478274
10_51917685_SNP    10  75.5034373 3.00782440
10_51933395_SNP    10  75.7187362 3.81201177
10_52241482_SNP    10  76.3729095 3.95428705
10_52317833_indel  10  77.2028348 3.62190847
10_52520368_SNP    10  78.0882097 2.56354913
10_52680008_SNP    10  78.9557152 2.23025703
10_52823689_indel  10  79.7698282 1.94029424
10_53128984_SNP    10  80.6562311 1.91130290
10_53453184_SNP    10  81.4650646 1.78892785
10_53797102_SNP    10  82.3295025 1.71478478
10_54037329_indel  10  83.2608933 1.56365110
10_54111672_SNP    10  84.1749009 1.35894504
10_54162411_SNP    10  85.2295521 0.98575743
10_54266322_SNP    10  86.2171958 0.83895344
10_54402947_SNP    10  87.2426260 0.94077968
10_54505906_indel  10  88.0893947 1.09050546
10_54908441_indel  10  88.9582783 0.94070411
10_55212116_SNP    10  89.8665233 0.63257608
10_55293417_SNP    10  90.9727618 0.88685209
10_55424383_SNP    10  92.6653039 0.67581612
10_55477029_SNP    10  93.5745163 0.62433556
10_55504795_SNP    10  95.2269907 0.59377628
10_55590204_indel  10  96.1728683 0.57983474
10_55715123_SNP    10  97.1320310 0.44486043
10_55818842_SNP    10  97.9601177 0.24576753
10_55920461_SNP    10  98.8053485 0.21209199
10_56014668_SNP    10 100.0292389 0.19247283
10_56135735_SNP    10 101.2047369 0.14833121
10_56271730_SNP    10 102.2085068 0.13488854
10_56450978_SNP    10 103.1303701 0.11195890
10_56642219_SNP    10 103.9643962 0.13498247
10_56784773_indel  10 104.8207021 0.13498247
10_56937372_indel  10 105.7641668 0.14070732
10_56937398_SNP    10 106.6001662 0.14070732
10_57032376_SNP    10 107.5579186 0.22914712
10_57122591_SNP    10 108.6408681 0.25756040
10_57281685_indel  10 109.4990024 0.37111097
10_57448231_SNP    10 110.6034343 0.66736622
10_57600325_SNP    10 111.5443157 0.50168878
10_57663744_indel  10 112.5536159 0.43836237
10_57840759_SNP    10 113.3942928 0.55483498
10_57962821_indel  10 114.5906972 0.86256999
10_58081628_SNP    10 115.4050588 0.88733531
10_58288752_SNP    10 116.5146110 0.78514240
10_58378203_indel  10 118.0346580 0.47937608
10_58555772_SNP    10 119.0100563 0.33189660
10_58720828_indel  10 119.9104803 0.27543327
10_59086390_SNP    10 120.9313250 0.18115197
10_59326382_SNP    10 122.0536273 0.19596381
10_59662724_indel  10 123.2427897 0.18226641
10_59746209_SNP    10 124.1826640 0.04949304
10_59831314_SNP    10 125.0839461 0.05682755
10_60054680_indel  10 126.1081170 0.05342907
10_60160441_SNP    10 127.1909130 0.01511373
10_60233952_SNP    10 128.1505502 0.02256943
10_60288475_SNP    10 128.9931754 0.04093291
10_60383548_SNP    10 130.1100476 0.02760774
10_60566557_SNP    10 131.2480348 0.02569166
10_60805294_SNP    10 132.9405296 0.02962342
10_60995346_SNP    10 133.9984479 0.05475193
10_61153381_SNP    10 135.0722147 0.06294983

