$`10@48.0`
                  chr         pos         lod
10_47200_SNP       10   0.2191863 0.130060425
10_594536_SNP      10   1.0247762 0.139988509
10_790567_SNP      10   2.1945863 0.175306837
10_1145111_SNP     10   3.3470441 0.162259947
10_1226278_SNP     10   4.3857027 0.347842512
10_1312449_indel   10   5.6286834 0.581103968
10_1552816_SNP     10   6.4489449 0.748272700
10_1674278_SNP     10   7.2736948 0.784107656
10_1769194_SNP     10   8.1189316 0.863065258
10_1865539_SNP     10   8.9836808 0.947231735
10_2003120_SNP     10   9.6604699 0.968003842
10_2029603_SNP     10   9.8808643 0.979393299
10_2239990_SNP     10  11.0910983 0.593487973
10_2256759_indel   10  11.9656355 0.585607403
10_2291876_SNP     10  13.3097240 0.709110418
10_2342917_SNP     10  14.2210039 0.523217566
10_2443743_SNP     10  15.2236201 0.580386249
10_2503103_SNP     10  16.3640202 0.535954554
10_2567493_SNP     10  17.3953041 0.561098942
10_2674120_indel   10  18.8476408 0.736773492
10_2779866_SNP     10  19.7505478 0.814740086
10_3006777_SNP     10  20.7382908 0.906406466
10_3320221_indel   10  21.8529677 1.968720329
10_3455212_indel   10  22.9074169 1.697152298
10_3566551_indel   10  23.9432494 1.684997726
10_3628687_indel   10  24.8534661 1.730393540
10_3663606_indel   10  26.0990743 1.732408353
10_3848790_SNP     10  27.3450615 2.222410671
10_4093608_SNP     10  28.3908662 2.250026655
10_4274949_SNP     10  29.4622687 2.136767854
10_4471639_SNP     10  30.2787808 1.672442071
10_4611354_SNP     10  31.1863116 1.905590367
10_4709177_SNP     10  32.8978663 1.796205505
10_4990537_SNP     10  34.1026263 2.114560110
10_5061840_SNP     10  35.0712593 2.162145202
10_5125666_indel   10  35.9501492 2.842450956
10_5267950_SNP     10  36.8487913 2.967940141
10_5551100_SNP     10  38.4079812 5.012094111
10_5630305_SNP     10  38.8187219 4.552904899
10_5718670_SNP     10  39.1510865 4.266726052
10_5777799_indel   10  39.4007780 3.885091016
10_5958042_indel   10  40.4125029 3.937831071
10_6305244_SNP     10  41.4975018 4.009269392
10_6375702_SNP     10  42.4247701 3.873492296
10_6503777_SNP     10  43.2794217 3.862045828
10_6540182_indel   10  44.2038153 3.977669760
10_6608620_SNP     10  45.2254514 4.457164643
10_6849217_SNP     10  46.0851206 5.355727146
10_6968093_SNP     10  46.2997246 5.355727146
10_7213116_SNP     10  47.1698723 5.311822087
10_7462982_SNP     10  48.0351301 6.028294270
10_7478172_SNP     10  48.2669376 5.886523221
10_7591072_SNP     10  49.2713690 4.399879514
10_7605843_indel   10  50.7223121 4.403813245
10_7770954_indel   10  52.7117465 4.572266025
10_7800452_SNP     10  54.1448857 4.163846508
10_7865192_SNP     10  55.2440590 4.276022214
10_8206247_SNP     10  56.3777119 4.122517577
10_8595206_SNP     10  57.4208188 3.632552947
10_8856482_SNP     10  58.2483906 3.727793927
10_8920667_indel   10  59.2568438 3.650038213
10_9375593_SNP     10  60.0598440 3.608658543
10_9577930_indel   10  60.8743461 3.552935116
10_9860336_indel   10  61.8893552 3.946235890
10_10237912_SNP    10  62.7750207 4.624418352
10_10899170_SNP    10  63.6182024 5.024734201
10_11824744_SNP    10  64.4478223 5.034659510
10_12624151_SNP    10  65.2683047 4.992616989
10_14147010_indel  10  66.1020990 5.321307950
10_15907892_SNP    10  67.0560462 5.177847347
10_16971949_SNP    10  67.8666690 5.148762507
10_19544448_SNP    10  68.7864372 5.265070303
10_47766289_indel  10  69.6848226 4.855836247
10_48223329_indel  10  70.5032781 4.489709771
10_48939170_indel  10  71.8547085 4.491760024
10_49739345_indel  10  72.7097363 4.292777956
10_50555781_SNP    10  73.6467033 4.130832240
10_51301082_SNP    10  74.4742272 4.038790921
10_51917685_SNP    10  75.5034373 4.058957254
10_51933395_SNP    10  75.7187362 4.590432030
10_52241482_SNP    10  76.3729095 3.891460070
10_52317833_indel  10  77.2028348 3.949773252
10_52520368_SNP    10  78.0882097 3.135025122
10_52680008_SNP    10  78.9557152 2.487660183
10_52823689_indel  10  79.7698282 2.026530761
10_53128984_SNP    10  80.6562311 2.055907981
10_53453184_SNP    10  81.4650646 1.877380640
10_53797102_SNP    10  82.3295025 1.622417354
10_54037329_indel  10  83.2608933 1.558401821
10_54111672_SNP    10  84.1749009 1.540257847
10_54162411_SNP    10  85.2295521 1.408549287
10_54266322_SNP    10  86.2171958 1.180971499
10_54402947_SNP    10  87.2426260 1.060841742
10_54505906_indel  10  88.0893947 1.056286662
10_54908441_indel  10  88.9582783 1.008425794
10_55212116_SNP    10  89.8665233 1.128479101
10_55293417_SNP    10  90.9727618 1.227088804
10_55424383_SNP    10  92.6653039 1.036673523
10_55477029_SNP    10  93.5745163 0.943196983
10_55504795_SNP    10  95.2269907 0.815595164
10_55590204_indel  10  96.1728683 0.700097232
10_55715123_SNP    10  97.1320310 0.838185984
10_55818842_SNP    10  97.9601177 0.375172993
10_55920461_SNP    10  98.8053485 0.389840461
10_56014668_SNP    10 100.0292389 0.367382067
10_56135735_SNP    10 101.2047369 0.417789843
10_56271730_SNP    10 102.2085068 0.409260645
10_56450978_SNP    10 103.1303701 0.506062589
10_56642219_SNP    10 103.9643962 0.228572677
10_56784773_indel  10 104.8207021 0.228572677
10_56937372_indel  10 105.7641668 0.228572677
10_56937398_SNP    10 106.6001662 0.228572677
10_57032376_SNP    10 107.5579186 0.281931742
10_57122591_SNP    10 108.6408681 0.162755351
10_57281685_indel  10 109.4990024 0.181034440
10_57448231_SNP    10 110.6034343 0.469181752
10_57600325_SNP    10 111.5443157 0.144056792
10_57663744_indel  10 112.5536159 0.138335365
10_57840759_SNP    10 113.3942928 0.136224490
10_57962821_indel  10 114.5906972 0.213513048
10_58081628_SNP    10 115.4050588 0.184423549
10_58288752_SNP    10 116.5146110 0.122722296
10_58378203_indel  10 118.0346580 0.072194295
10_58555772_SNP    10 119.0100563 0.079942630
10_58720828_indel  10 119.9104803 0.075445102
10_59086390_SNP    10 120.9313250 0.112391792
10_59326382_SNP    10 122.0536273 0.116143872
10_59662724_indel  10 123.2427897 0.108904065
10_59746209_SNP    10 124.1826640 0.014981747
10_59831314_SNP    10 125.0839461 0.018666769
10_60054680_indel  10 126.1081170 0.018666769
10_60160441_SNP    10 127.1909130 0.056986540
10_60233952_SNP    10 128.1505502 0.021661512
10_60288475_SNP    10 128.9931754 0.005518366
10_60383548_SNP    10 130.1100476 0.016929529
10_60566557_SNP    10 131.2480348 0.018538601
10_60805294_SNP    10 132.9405296 0.092590283
10_60995346_SNP    10 133.9984479 0.039558857
10_61153381_SNP    10 135.0722147 0.041338102

